#Atom            RMSF
  36.000       1.8187
  55.000       2.1241
  74.000       1.7588
  93.000       1.1754
 112.000       1.4105
 134.000       1.4357
 148.000       1.2317
 172.000       1.0213
 191.000       1.2096
 209.000       1.3293
 223.000       1.3462
 242.000       1.3714
 259.000       1.3349
 270.000       1.2204
 286.000       0.9069
 296.000       1.0224
 318.000       1.2955
 332.000       1.2236
 351.000       0.8925
 365.000       1.0872
 372.000       0.8842
 391.000       1.0031
 407.000       1.1089
 424.000       1.1037
 441.000       0.8468
 463.000       0.7809
 473.000       0.9272
 487.000       0.8830
 503.000       0.7755
 519.000       0.7936
 538.000       0.8441
 557.000       1.0881
 564.000       0.9970
 578.000       0.9116
 597.000       0.9675
 613.000       1.3275
 629.000       1.2797
 648.000       0.8832
 664.000       0.7512
 686.000       0.6712
 708.000       0.5621
 724.000       0.5450
 741.000       0.6388
 760.000       0.5791
 781.000       0.5693
 792.000       0.6676
 811.000       0.7538
 821.000       0.7875
 840.000       0.8363
 859.000       1.0506
 881.000       1.1278
 895.000       1.0554
 915.000       1.1595
 929.000       0.9957
 948.000       0.9574
 967.000       1.2967
 983.000       1.8934
1005.000       2.0299
1019.000       1.6735
1033.000       1.5322
1049.000       1.2218
1069.000       0.9029
1099.000       1.3212
1105.000       1.4266
1122.000       1.6826
1129.000       1.5372
1148.000       1.1061
1170.000       1.7588
1180.000       1.6651
1196.000       1.0689
1213.000       1.1845
1232.000       1.4075
1251.000       1.0741
1270.000       0.9727
1289.000       1.2696
1305.000       1.3487
1324.000       1.3233
1338.000       0.9738
1349.000       0.7405
1365.000       0.8791
1387.000       0.8775
1404.000       0.7536
1423.000       0.8683
1439.000       1.0241
1450.000       0.9074
1466.000       0.7790
1476.000       1.1282
1487.000       1.4212
1501.000       1.1274
1520.000       1.5442
1531.000       1.1347
1550.000       1.4626
1569.000       1.1278
1591.000       1.0217
1597.000       0.8478
1615.000       0.7020
1634.000       0.6841
1656.000       0.6531
1666.000       0.5472
1677.000       0.5441
1699.000       0.5431
1718.000       0.5576
1734.000       0.6061
1751.000       0.6481
1761.000       0.6999
1777.000       0.7531
1788.000       0.8571
1810.000       1.0351
1831.000       0.8982
1853.000       0.7498
1867.000       0.8466
1884.000       0.7778
1906.000       1.0675
