#Atom            RMSF
   5.000       3.1080
  22.000       2.4006
  36.000       1.6689
  55.000       2.0107
  74.000       1.8593
  93.000       1.3687
 112.000       1.2919
 134.000       1.3282
 148.000       1.2926
 172.000       1.1558
 191.000       1.2092
 209.000       1.2291
 223.000       1.2972
 242.000       1.4328
 259.000       1.4941
 270.000       1.2640
 286.000       0.9448
 296.000       1.0494
 318.000       1.2542
 332.000       1.2331
 351.000       1.0088
 365.000       1.2386
 372.000       0.9726
 391.000       1.0987
 407.000       1.2334
 424.000       1.2337
 441.000       0.9446
 463.000       0.8690
 473.000       1.0569
 487.000       0.9599
 503.000       0.7864
 519.000       0.9187
 538.000       1.0022
 557.000       1.0085
 564.000       0.9860
 578.000       0.9796
 597.000       1.1008
 613.000       1.1874
 629.000       1.2396
 648.000       0.9186
 664.000       0.8416
 686.000       0.7444
 708.000       0.6138
 724.000       0.6242
 741.000       0.7149
 760.000       0.6439
 781.000       0.6635
 792.000       0.7774
 811.000       0.8336
 821.000       0.9107
 840.000       0.9718
 859.000       1.1354
 881.000       1.2116
 895.000       1.0884
 915.000       1.0512
 929.000       0.9071
 948.000       0.8562
 967.000       1.3098
 983.000       1.9702
1005.000       1.9391
1019.000       1.6708
1033.000       1.4789
1049.000       1.1727
1069.000       0.8672
1099.000       1.2896
1105.000       1.4483
1122.000       1.5089
1129.000       1.4197
1148.000       1.2431
1170.000       1.6903
1180.000       1.5186
1196.000       1.0814
1213.000       1.1102
1232.000       1.3566
1251.000       1.1382
1270.000       1.0270
1289.000       1.2167
1305.000       1.2263
1324.000       1.2773
1338.000       0.9965
1349.000       0.7892
1365.000       0.9683
1387.000       0.9266
1404.000       0.7530
1423.000       0.9387
1439.000       1.1263
1450.000       0.9459
1466.000       0.8584
1476.000       1.2306
1487.000       1.7934
1501.000       1.4331
1520.000       1.8326
1531.000       1.3978
1550.000       1.7177
1569.000       1.3504
1591.000       1.2672
1597.000       0.9873
1615.000       0.7922
1634.000       0.8066
1656.000       0.7354
1666.000       0.5650
1677.000       0.5791
1699.000       0.6333
1718.000       0.6223
1734.000       0.6282
1751.000       0.7362
1761.000       0.8290
1777.000       0.8557
1788.000       0.9470
1810.000       0.9362
1831.000       0.9093
1853.000       0.8218
1867.000       0.9871
1884.000       0.9665
1906.000       1.0891
1917.000       1.2581
1933.000       1.7024
1949.000       2.8960
1969.000       4.9580
