#Frame           RMSD
       1       0.0000
       2       0.6527
       3       0.6603
       4       0.6738
       5       0.7079
       6       0.7290
       7       0.7306
       8       0.8045
       9       0.7803
      10       0.7351
      11       0.7807
      12       0.7476
      13       0.8064
      14       0.9034
      15       0.7422
      16       0.7716
      17       0.8592
      18       0.8479
      19       0.8011
      20       0.8630
      21       0.8990
      22       0.9246
      23       0.8668
      24       0.8487
      25       0.9677
      26       0.8703
      27       0.8794
      28       0.8600
      29       0.8619
      30       0.7952
      31       0.8590
      32       0.9139
      33       0.7393
      34       0.9421
      35       0.9748
      36       0.8735
      37       0.9244
      38       0.8600
      39       0.8800
      40       0.9824
      41       0.9674
      42       1.0065
      43       0.9157
      44       0.8708
      45       0.8554
      46       0.8409
      47       0.9119
      48       0.8500
      49       0.9385
      50       1.0274
      51       1.0497
      52       1.1305
      53       0.9641
      54       1.0639
      55       0.9557
      56       0.8956
      57       1.0276
      58       0.9089
      59       0.9716
      60       0.9486
      61       0.9393
      62       1.0550
      63       1.0420
      64       1.0345
      65       0.9807
      66       0.9825
      67       1.0615
      68       1.0937
      69       1.1420
      70       1.1357
      71       1.1406
      72       1.2211
      73       1.2353
      74       1.1013
      75       1.1887
      76       1.0742
      77       1.0327
      78       1.2733
      79       1.2186
      80       1.1099
      81       1.0730
      82       1.0268
      83       1.0210
      84       1.0832
      85       1.0196
      86       0.9059
      87       1.0035
      88       1.0197
      89       0.9556
      90       0.9707
      91       0.9536
      92       0.9253
      93       0.9733
      94       1.0408
      95       1.1310
      96       1.0020
      97       1.0438
      98       1.0549
      99       1.1385
     100       1.2262
     101       1.1178
     102       1.1973
     103       1.1238
     104       0.9895
     105       1.0914
     106       1.1698
     107       1.2364
     108       1.2247
     109       1.1902
     110       1.1236
     111       1.0512
     112       1.1566
     113       1.1519
     114       1.1885
     115       1.0542
     116       1.0826
     117       1.1715
     118       1.0762
     119       1.0840
     120       1.0663
     121       0.9485
     122       0.9874
     123       0.9796
     124       0.9730
     125       0.9566
     126       0.9817
     127       0.9783
     128       0.9036
     129       0.9715
     130       0.9885
     131       0.9880
     132       0.9680
     133       0.9807
     134       0.9462
     135       1.0607
     136       0.9924
     137       0.9814
     138       0.9351
     139       0.9503
     140       0.9999
     141       1.0420
     142       1.0097
     143       1.0665
     144       1.0929
     145       1.0095
     146       0.9929
     147       1.0395
     148       1.0547
     149       0.9986
     150       0.9792
     151       0.9035
     152       1.0679
     153       1.0344
     154       1.0633
     155       0.9802
     156       1.0247
     157       0.9610
     158       0.8985
     159       0.9652
     160       1.0193
     161       0.9961
     162       1.0213
     163       1.0197
     164       1.0001
     165       0.9189
     166       0.9984
     167       0.9352
     168       0.9498
     169       0.8524
     170       0.9337
     171       0.8555
     172       0.9548
     173       0.9512
     174       0.9262
     175       0.9818
     176       0.9866
     177       0.9759
     178       0.8197
     179       0.9579
     180       1.0516
     181       1.0260
     182       1.0483
     183       1.0310
     184       0.9856
     185       0.9497
     186       1.0851
     187       1.2072
     188       1.1995
     189       1.0924
     190       1.0949
     191       1.0669
     192       1.0281
     193       1.0215
     194       1.1070
     195       0.9555
     196       1.0834
     197       1.1274
     198       0.9938
     199       1.0732
     200       1.0459
     201       1.2089
     202       1.1348
     203       1.1816
     204       1.1279
     205       1.1259
     206       1.0214
     207       1.1306
     208       1.0158
     209       1.0488
     210       1.0590
     211       1.0218
     212       0.9912
     213       1.0615
     214       1.0802
     215       1.0137
     216       1.0707
     217       1.1492
     218       1.1045
     219       1.1171
     220       1.1307
     221       1.1315
     222       1.1814
     223       1.1118
     224       1.2462
     225       1.2148
     226       1.2746
     227       1.2602
     228       1.3524
     229       1.4508
     230       1.2797
     231       1.2124
     232       1.4003
     233       1.4147
     234       1.3857
     235       1.3944
     236       1.4658
     237       1.5141
     238       1.4116
     239       1.3765
     240       1.5328
     241       1.5530
     242       1.5537
     243       1.3552
     244       1.3076
     245       1.4514
     246       1.3389
     247       1.3352
     248       1.4294
     249       1.4038
     250       1.3688
     251       1.4011
     252       1.2419
     253       1.2274
     254       1.3246
     255       1.3533
     256       1.3079
     257       1.4252
     258       1.5474
     259       1.4889
     260       1.4119
     261       1.3103
     262       1.3933
     263       1.3501
     264       1.3506
     265       1.3150
     266       1.2884
     267       1.2876
     268       1.2650
     269       1.2586
     270       1.3276
     271       1.3906
     272       1.3545
     273       1.5701
     274       1.4586
     275       1.3920
     276       1.4874
     277       1.4931
     278       1.4518
     279       1.4759
     280       1.3928
     281       1.4142
     282       1.4274
     283       1.5061
     284       1.5583
     285       1.4365
     286       1.4027
     287       1.3283
     288       1.3935
     289       1.4203
     290       1.3209
     291       1.3979
     292       1.3453
     293       1.2881
     294       1.3421
     295       1.3135
     296       1.3550
     297       1.2508
     298       1.2407
     299       1.2408
     300       1.2130
     301       1.2660
     302       1.3349
     303       1.3955
     304       1.4191
     305       1.4653
     306       1.3054
     307       1.4370
     308       1.3773
     309       1.1765
     310       1.2604
     311       1.4031
     312       1.3509
     313       1.2189
     314       1.3542
     315       1.3565
     316       1.1937
     317       1.0959
     318       1.1127
     319       1.1422
     320       1.1534
     321       1.2891
     322       1.2095
     323       1.2200
     324       1.2738
     325       1.3204
     326       1.2655
     327       1.3415
     328       1.2429
     329       1.2870
     330       1.3432
     331       1.1649
     332       1.1540
     333       1.2522
     334       1.1716
     335       1.1848
     336       1.2063
     337       1.1424
     338       1.2408
     339       1.1737
     340       1.2381
     341       1.2276
     342       1.1513
     343       1.2026
     344       1.3312
     345       1.3519
     346       1.2161
     347       1.2689
     348       1.2464
     349       1.1292
     350       1.1904
     351       1.2803
     352       1.2532
     353       1.3169
     354       1.4040
     355       1.2832
     356       1.3360
     357       1.4012
     358       1.2665
     359       1.3922
     360       1.4223
     361       1.4220
     362       1.5297
     363       1.5217
     364       1.4332
     365       1.5139
     366       1.3885
     367       1.4086
     368       1.3837
     369       1.4860
     370       1.3574
     371       1.4700
     372       1.4317
     373       1.4594
     374       1.3415
     375       1.3334
     376       1.2135
     377       1.3745
     378       1.3215
     379       1.3951
     380       1.3219
     381       1.4140
     382       1.4016
     383       1.2947
     384       1.3981
     385       1.3445
     386       1.3965
     387       1.2258
     388       1.2668
     389       1.3141
     390       1.3102
     391       1.2910
     392       1.1810
     393       1.1530
     394       1.1434
     395       1.1141
     396       1.1467
     397       1.2173
     398       1.2656
     399       1.1574
     400       1.0492
     401       1.0159
     402       0.9823
     403       0.9831
     404       0.9075
     405       0.8986
     406       0.9419
     407       0.9963
     408       0.9429
     409       0.9119
     410       1.0199
     411       1.0698
     412       1.0295
     413       0.9924
     414       1.0140
     415       0.9613
     416       1.0772
     417       1.0671
     418       0.9228
     419       1.0574
     420       1.1066
     421       1.1262
     422       1.1421
     423       1.1282
     424       1.1379
     425       1.0987
     426       1.1661
     427       1.2066
     428       1.1925
     429       1.0820
     430       1.1819
     431       1.1713
     432       1.2252
     433       1.2141
     434       1.2212
     435       1.3017
     436       1.2394
     437       1.2796
     438       1.2590
     439       1.1850
     440       1.2387
     441       1.1289
     442       1.2789
     443       1.2211
     444       1.0850
     445       1.1059
     446       1.2239
     447       1.1299
     448       1.0927
     449       1.1976
     450       1.1377
     451       1.2743
     452       1.2873
     453       1.2988
     454       1.3561
     455       1.2754
     456       1.4148
     457       1.3926
     458       1.3832
     459       1.3970
     460       1.4650
     461       1.4807
     462       1.4354
     463       1.5391
     464       1.5073
     465       1.4663
     466       1.4965
     467       1.4593
     468       1.4674
     469       1.4974
     470       1.4593
     471       1.4365
     472       1.4458
     473       1.6015
     474       1.5408
     475       1.4108
     476       1.5144
     477       1.5560
     478       1.5302
     479       1.3937
     480       1.4549
     481       1.4366
     482       1.3937
     483       1.4654
     484       1.4963
     485       1.4466
     486       1.4503
     487       1.2733
     488       1.2809
     489       1.2116
     490       1.2066
     491       1.2654
     492       1.2795
     493       1.1367
     494       1.0512
     495       1.2438
     496       1.2817
     497       1.3004
