#Atom            RMSF
   5.000       3.1377
  22.000       2.4747
  36.000       1.7300
  55.000       2.0403
  74.000       1.7886
  93.000       1.2693
 112.000       1.3499
 134.000       1.3853
 148.000       1.2651
 172.000       1.1026
 191.000       1.2315
 209.000       1.3045
 223.000       1.3537
 242.000       1.4263
 259.000       1.4425
 270.000       1.2740
 286.000       0.9377
 296.000       1.0546
 318.000       1.2964
 332.000       1.2380
 351.000       0.9564
 365.000       1.1792
 372.000       0.9359
 391.000       1.0603
 407.000       1.1899
 424.000       1.1956
 441.000       0.9080
 463.000       0.8364
 473.000       1.0214
 487.000       0.9499
 503.000       0.7990
 519.000       0.8838
 538.000       0.9540
 557.000       1.0992
 564.000       1.0230
 578.000       0.9981
 597.000       1.0919
 613.000       1.3394
 629.000       1.3120
 648.000       0.9385
 664.000       0.8116
 686.000       0.7202
 708.000       0.5932
 724.000       0.5909
 741.000       0.6765
 760.000       0.6133
 781.000       0.6200
 792.000       0.7294
 811.000       0.8033
 821.000       0.8637
 840.000       0.9211
 859.000       1.1062
 881.000       1.1825
 895.000       1.0801
 915.000       1.1007
 929.000       0.9631
 948.000       0.9215
 967.000       1.3312
 983.000       1.9668
1005.000       2.0300
1019.000       1.6870
1033.000       1.5403
1049.000       1.2187
1069.000       0.8966
1099.000       1.3339
1105.000       1.4798
1122.000       1.6557
1129.000       1.5147
1148.000       1.1820
1170.000       1.7431
1180.000       1.6078
1196.000       1.0804
1213.000       1.1476
1232.000       1.3759
1251.000       1.1048
1270.000       0.9936
1289.000       1.2299
1305.000       1.2803
1324.000       1.2942
1338.000       0.9749
1349.000       0.7570
1365.000       0.9226
1387.000       0.9095
1404.000       0.7630
1423.000       0.9025
1439.000       1.0706
1450.000       0.9303
1466.000       0.8220
1476.000       1.1686
1487.000       1.6035
1501.000       1.2835
1520.000       1.7055
1531.000       1.2681
1550.000       1.5987
1569.000       1.2420
1591.000       1.1537
1597.000       0.9509
1615.000       0.7522
1634.000       0.7424
1656.000       0.6986
1666.000       0.5624
1677.000       0.5660
1699.000       0.5949
1718.000       0.6028
1734.000       0.6326
1751.000       0.7039
1761.000       0.7767
1777.000       0.8066
1788.000       0.9022
1810.000       0.9791
1831.000       0.9200
1853.000       0.7892
1867.000       0.9458
1884.000       0.8918
1906.000       1.0866
1917.000       1.2392
1933.000       1.6353
1949.000       2.9109
1969.000       4.9907
