#Frame           RMSD
       1       0.0000
       2       0.5668
       3       0.5766
       4       0.5472
       5       0.5787
       6       0.6328
       7       0.7461
       8       0.5571
       9       0.6727
      10       0.6333
      11       0.5642
      12       0.5403
      13       0.7046
      14       0.6402
      15       0.6757
      16       0.6149
      17       0.6683
      18       0.7123
      19       0.6811
      20       0.6861
      21       0.5777
      22       0.7209
      23       0.6988
      24       0.6949
      25       0.6533
      26       0.6500
      27       0.6851
      28       0.6587
      29       0.7248
      30       0.8078
      31       0.6954
      32       0.6589
      33       0.7842
      34       0.8220
      35       0.8083
      36       0.7627
      37       0.7464
      38       0.7445
      39       0.8490
      40       0.7550
      41       0.6721
      42       0.6914
      43       0.6896
      44       0.7940
      45       0.7936
      46       0.7824
      47       0.8293
      48       0.8697
      49       0.9512
      50       0.8970
      51       0.8531
      52       0.9182
      53       0.9842
      54       0.9940
      55       0.9630
      56       0.8658
      57       0.8600
      58       0.7671
      59       0.7504
      60       0.7802
      61       0.8132
      62       0.8370
      63       0.7454
      64       0.8401
      65       0.8452
      66       0.8288
      67       0.7563
      68       0.7963
      69       0.8404
      70       0.8303
      71       0.7695
      72       0.8231
      73       0.8191
      74       0.9194
      75       0.7877
      76       0.7994
      77       0.8836
      78       0.7919
      79       0.8023
      80       0.8752
      81       0.9502
      82       0.9728
      83       0.8788
      84       0.9251
      85       0.8563
      86       0.8243
      87       0.7921
      88       0.8298
      89       0.8057
      90       0.8697
      91       0.9094
      92       0.8889
      93       0.8163
      94       0.8786
      95       0.8151
      96       0.9525
      97       1.0215
      98       0.9259
      99       1.0953
     100       0.9670
     101       0.9549
     102       0.8942
     103       0.9278
     104       0.8805
     105       0.9301
     106       0.9963
     107       0.8832
     108       0.9788
     109       1.0058
     110       1.0262
     111       1.0657
     112       1.0807
     113       1.0545
     114       0.9251
     115       1.0161
     116       0.8725
     117       0.9055
     118       0.9079
     119       0.9799
     120       0.9406
     121       1.0340
     122       0.9808
     123       0.9563
     124       0.9277
     125       0.9142
     126       0.9421
     127       0.8627
     128       0.9996
     129       0.9683
     130       0.9611
     131       0.9526
     132       0.9816
     133       0.9974
     134       1.0199
     135       0.8872
     136       0.8354
     137       0.7940
     138       0.9101
     139       0.8618
     140       0.8914
     141       0.8168
     142       0.8471
     143       0.9985
     144       0.9472
     145       0.7534
     146       0.8747
     147       0.9975
     148       0.8576
     149       0.8039
     150       0.7477
     151       0.7864
     152       0.6124
     153       0.7022
     154       0.7816
     155       0.7937
     156       0.7539
     157       0.6915
     158       0.8483
     159       0.8017
     160       0.8225
     161       0.8556
     162       0.8017
     163       0.9059
     164       0.9363
     165       0.9258
     166       0.8741
     167       1.0889
     168       1.0462
     169       1.0259
     170       1.0831
     171       1.1334
     172       0.9242
     173       0.9835
     174       0.9530
     175       1.0309
     176       0.9444
     177       0.9412
     178       0.9119
     179       0.8589
     180       0.9554
     181       0.9737
     182       1.0343
     183       0.8582
     184       0.8817
     185       0.9911
     186       0.9575
     187       1.1359
     188       0.9503
     189       1.1911
     190       1.0809
     191       1.1758
     192       1.0858
     193       1.1357
     194       1.1627
     195       1.1731
     196       1.0410
     197       1.1173
     198       1.0881
     199       1.1962
     200       1.1606
     201       1.2502
     202       1.1975
     203       1.1600
     204       1.2651
     205       1.2231
     206       1.1788
     207       1.2900
     208       1.3002
     209       1.2716
     210       1.2624
     211       1.3952
     212       1.2642
     213       1.2146
     214       1.1581
     215       1.2319
     216       1.1566
     217       1.1103
     218       0.9845
     219       1.0899
     220       1.0798
     221       1.1221
     222       1.0258
     223       1.0515
     224       1.0312
     225       1.1893
     226       1.1678
     227       1.0685
     228       1.1009
     229       1.1471
     230       1.1365
     231       1.1323
     232       1.0838
     233       1.1514
     234       1.1773
     235       1.0693
     236       0.9453
     237       1.1406
     238       0.9928
     239       0.9619
     240       1.0012
     241       1.0365
     242       1.1148
     243       0.9662
     244       1.0564
     245       0.9486
     246       1.0479
     247       1.0934
     248       1.0429
     249       1.0073
     250       1.0732
     251       0.9945
     252       0.9494
     253       1.0516
     254       0.9858
     255       0.9156
     256       1.0133
     257       0.9627
     258       1.0699
     259       1.0656
     260       0.9597
     261       0.9294
     262       0.9849
     263       0.8610
     264       0.9370
     265       0.9884
     266       1.0440
     267       1.0218
     268       1.0805
     269       1.1086
     270       1.0101
     271       1.0248
     272       1.0708
     273       0.9824
     274       0.9156
     275       0.8194
     276       0.8736
     277       0.9091
     278       0.8893
     279       0.9708
     280       0.9759
     281       0.9333
     282       0.8274
     283       0.9070
     284       0.9730
     285       1.0253
     286       1.0017
     287       0.9946
     288       1.1227
     289       1.1430
     290       1.0956
     291       1.0261
     292       1.0594
     293       1.0892
     294       1.1473
     295       1.0306
     296       1.0819
     297       1.1533
     298       1.1742
     299       1.1180
     300       1.1537
     301       0.9802
     302       1.1063
     303       1.0090
     304       1.0238
     305       1.0423
     306       1.0331
     307       1.0222
     308       1.1078
     309       1.2610
     310       1.0288
     311       1.1389
     312       1.1227
     313       0.9518
     314       1.0984
     315       1.0193
     316       1.0306
     317       0.8907
     318       0.8981
     319       0.9709
     320       1.0940
     321       1.1256
     322       1.0586
     323       1.1454
     324       1.1361
     325       0.9992
     326       1.0219
     327       1.0708
     328       1.0658
     329       1.0569
     330       1.2296
     331       1.1031
     332       1.0800
     333       1.0541
     334       0.9262
     335       0.9149
     336       0.8935
     337       0.9771
     338       0.9838
     339       0.9684
     340       0.8953
     341       0.9195
     342       0.9501
     343       0.9921
     344       1.0228
     345       1.0157
     346       1.0730
     347       1.2070
     348       1.2048
     349       1.1623
     350       1.0829
     351       0.9909
     352       0.8546
     353       0.8620
     354       0.8813
     355       0.8993
     356       1.0209
     357       0.9957
     358       0.9500
     359       0.9545
     360       0.9215
     361       0.9508
     362       0.8563
     363       0.9597
     364       1.0117
     365       0.9454
     366       1.0212
     367       0.9360
     368       1.0149
     369       0.9517
     370       0.8570
     371       0.8273
     372       0.9645
     373       1.0177
     374       0.9302
     375       0.9695
     376       0.9376
     377       0.9670
     378       0.9627
     379       0.8997
     380       0.8870
     381       1.0080
     382       1.0605
     383       1.0655
     384       1.1084
     385       1.1437
     386       0.9435
     387       1.0029
     388       0.9322
     389       1.0609
     390       0.9162
     391       1.0412
     392       1.0119
     393       0.9394
     394       1.0169
     395       1.0929
     396       1.0728
     397       1.1753
     398       1.1115
     399       1.1634
     400       1.2382
     401       1.1454
     402       1.2105
     403       1.1775
     404       1.1126
     405       1.1213
     406       1.0772
     407       1.1919
     408       1.1533
     409       1.1368
     410       1.1497
     411       1.0982
     412       0.9481
     413       0.9796
     414       0.9709
     415       1.0235
     416       1.0430
     417       1.0622
     418       1.1194
     419       1.1564
     420       1.0151
     421       1.0131
     422       1.1095
     423       1.0910
     424       0.9979
     425       0.9112
     426       0.9260
     427       0.9713
     428       0.9874
     429       0.9329
     430       0.9199
     431       0.9203
     432       0.9151
     433       0.9424
     434       0.9879
     435       0.9877
     436       0.9916
     437       1.1145
     438       1.0210
     439       1.1235
     440       1.0614
     441       1.0164
     442       1.0007
     443       0.9968
     444       0.9374
     445       0.9637
     446       1.0356
     447       0.9762
     448       1.0196
     449       1.0930
     450       1.1396
     451       1.0616
     452       1.1003
     453       0.9786
     454       0.9927
     455       1.0741
     456       1.0144
     457       1.0373
     458       1.0379
     459       1.0201
     460       1.1552
     461       1.0527
     462       1.0579
     463       1.1423
     464       1.1158
     465       1.1016
     466       1.1163
     467       1.0635
     468       1.1112
     469       1.1286
     470       1.1260
     471       1.0907
     472       1.1635
     473       1.1833
     474       1.2207
     475       1.0567
     476       1.1157
     477       1.2043
     478       1.3610
     479       1.2228
     480       1.2081
     481       1.1260
     482       1.1733
     483       1.0987
     484       1.1060
     485       1.0469
     486       1.1880
     487       1.1836
     488       1.2115
     489       1.1869
     490       1.1864
     491       1.1542
     492       1.1056
     493       1.0591
     494       1.0939
     495       1.1170
     496       1.1057
     497       1.1615
