#Atom            RMSF
  36.000       1.9065
  55.000       1.9015
  74.000       1.7329
  93.000       1.4314
 112.000       1.3503
 134.000       1.3967
 148.000       1.4967
 172.000       1.3818
 191.000       1.4331
 209.000       1.6181
 223.000       1.6981
 242.000       1.4858
 259.000       1.4416
 270.000       1.3778
 286.000       1.0964
 296.000       1.1728
 318.000       1.5271
 332.000       1.4371
 351.000       1.0585
 365.000       1.1861
 372.000       1.0808
 391.000       1.2521
 407.000       1.3603
 424.000       1.3690
 441.000       1.0772
 463.000       1.0061
 473.000       1.1719
 487.000       1.0947
 503.000       1.0406
 519.000       1.1487
 538.000       1.1802
 557.000       1.3450
 564.000       1.2366
 578.000       1.3874
 597.000       1.3328
 613.000       2.0308
 629.000       2.0484
 648.000       1.2558
 664.000       1.0707
 686.000       0.9150
 708.000       0.6709
 724.000       0.6349
 741.000       0.7138
 760.000       0.6563
 781.000       0.6321
 792.000       0.7379
 811.000       0.8710
 821.000       0.8852
 840.000       0.8114
 859.000       1.2215
 881.000       1.5942
 895.000       1.3581
 915.000       1.2954
 929.000       1.2496
 948.000       1.3349
 967.000       1.8472
 983.000       2.8223
1005.000       3.1069
1019.000       2.4536
1033.000       2.1653
1049.000       1.6719
1069.000       1.1884
1099.000       1.7032
1105.000       1.7421
1122.000       1.7302
1129.000       1.7373
1148.000       1.8751
1170.000       2.0825
1180.000       1.7535
1196.000       1.4375
1213.000       1.3525
1232.000       1.6839
1251.000       1.6914
1270.000       1.4417
1289.000       1.4698
1305.000       1.3408
1324.000       1.5075
1338.000       1.2852
1349.000       0.9336
1365.000       1.0990
1387.000       1.1713
1404.000       1.0557
1423.000       1.0934
1439.000       1.2116
1450.000       1.0094
1466.000       0.8713
1476.000       1.1855
1487.000       1.4147
1501.000       1.0852
1520.000       1.6528
1531.000       1.1948
1550.000       1.5070
1569.000       1.1682
1591.000       1.0517
1597.000       0.8408
1615.000       0.7228
1634.000       0.7151
1656.000       0.6701
1666.000       0.5857
1677.000       0.5970
1699.000       0.6051
1718.000       0.6169
1734.000       0.6886
1751.000       0.7721
1761.000       0.8332
1777.000       0.8858
1788.000       1.0147
1810.000       1.0416
1831.000       1.0404
1853.000       0.9017
1867.000       1.1115
1884.000       1.0808
1906.000       1.3831
