#Atom            RMSF
   5.000       3.7662
  22.000       2.3312
  36.000       1.5524
  55.000       1.6627
  74.000       1.6315
  93.000       1.2481
 112.000       1.1762
 134.000       1.3848
 148.000       1.3163
 172.000       1.0553
 191.000       1.2858
 209.000       1.3876
 223.000       1.1909
 242.000       1.3254
 259.000       1.4166
 270.000       1.2273
 286.000       0.9927
 296.000       1.1557
 318.000       1.4627
 332.000       1.3462
 351.000       0.9408
 365.000       1.2040
 372.000       0.9701
 391.000       1.1107
 407.000       1.1648
 424.000       1.1308
 441.000       0.8794
 463.000       0.7888
 473.000       0.8621
 487.000       0.8636
 503.000       0.7231
 519.000       0.6944
 538.000       0.8562
 557.000       1.3513
 564.000       0.8982
 578.000       0.9317
 597.000       1.0247
 613.000       1.0213
 629.000       1.0351
 648.000       0.7721
 664.000       0.7364
 686.000       0.6870
 708.000       0.5423
 724.000       0.5446
 741.000       0.6734
 760.000       0.6108
 781.000       0.6102
 792.000       0.7976
 811.000       0.9010
 821.000       0.8887
 840.000       0.9383
 859.000       1.1622
 881.000       1.3230
 895.000       1.0701
 915.000       1.0876
 929.000       1.0034
 948.000       1.0250
 967.000       1.4463
 983.000       2.2320
1005.000       2.3590
1019.000       2.0536
1033.000       1.7388
1049.000       1.3583
1069.000       1.0842
1099.000       1.4904
1105.000       1.5346
1122.000       1.5147
1129.000       1.3083
1148.000       1.0461
1170.000       1.4639
1180.000       1.3847
1196.000       0.9527
1213.000       1.0944
1232.000       1.3200
1251.000       1.0851
1270.000       0.9765
1289.000       1.1617
1305.000       1.2011
1324.000       1.2303
1338.000       0.9572
1349.000       0.7704
1365.000       0.9500
1387.000       0.9318
1404.000       0.7887
1423.000       0.9408
1439.000       1.1108
1450.000       0.8849
1466.000       0.8006
1476.000       1.1922
1487.000       1.5801
1501.000       1.2861
1520.000       1.7838
1531.000       1.3433
1550.000       1.6572
1569.000       1.2977
1591.000       1.1846
1597.000       0.9346
1615.000       0.7972
1634.000       0.8134
1656.000       0.7394
1666.000       0.5611
1677.000       0.5680
1699.000       0.5834
1718.000       0.5409
1734.000       0.5670
1751.000       0.6496
1761.000       0.6569
1777.000       0.6731
1788.000       0.8178
1810.000       0.7850
1831.000       0.7401
1853.000       0.6799
1867.000       0.7159
1884.000       0.7719
1906.000       1.0357
1917.000       1.1516
1933.000       1.6855
1949.000       3.2795
1969.000       5.7575
