       0.000       13974.9182
       0.050        6233.0566
       0.100        6717.7988
       0.150        7174.3687
       0.200        7617.3828
       0.250        8014.4287
       0.300        8376.4785
       0.350        8551.1494
       0.400        8741.5039
       0.450        8884.5596
       0.500        8972.0771
       0.550        9027.4521
       0.600        9158.7920
       0.650        9219.3496
       0.700        9221.3477
       0.750        9309.3242
       0.800        9397.1514
       0.850        9482.0859
       0.900        9440.2998
       0.950        9504.1982
       1.000        9430.3486
       1.050        9519.8877
       1.100        9483.9570
       1.150        9436.4600
       1.200        9464.1836
       1.250        9571.0762
       1.300        9562.2334
       1.350        9609.7275
       1.400        9639.9248
       1.450        9670.7734
       1.500        9693.5156
       1.550        9649.9883
       1.600        9665.7773
       1.650        9571.6719
       1.700        9619.9707
       1.750        9577.0215
       1.800        9610.5264
       1.850        9474.4434
       1.900        9508.9375
       1.950        9515.6074
       2.000        9675.5098
       2.050        9786.5244
       2.100        9613.6250
       2.150        9662.1357
       2.200        9733.2002
       2.250        9635.7383
       2.300        9605.4492
       2.350        9629.2676
       2.400        9644.2764
       2.450        9722.1963
       2.500        9642.6318
       2.550        9549.6348
       2.600        9651.5947
       2.650        9703.3594
       2.700        9653.9346
       2.750        9685.9590
       2.800        9603.2705
       2.850        9776.2080
       2.900        9618.5771
       2.950        9751.7578
       3.000        9624.1436
       3.050        9557.8652
       3.100        9593.7031
       3.150        9609.5098
       3.200        9646.6924
       3.250        9536.1270
       3.300        9510.1074
       3.350        9630.7832
       3.400        9587.0703
       3.450        9609.7842
       3.500        9612.1719
       3.550        9672.7324
       3.600        9700.1006
       3.650        9538.2236
       3.700        9569.4307
       3.750        9532.1084
       3.800        9669.7715
       3.850        9641.4219
       3.900        9497.0625
       3.950        9621.6777
       4.000        9581.8467
       4.050        9667.8896
       4.100        9699.1455
       4.150        9607.8262
       4.200        9687.6152
       4.250        9711.9277
       4.300        9556.9805
       4.350        9483.6758
       4.400        9582.4785
       4.450        9563.3936
       4.500        9476.6895
       4.550        9602.1182
       4.600        9634.4326
       4.650        9548.5342
       4.700        9652.8584
       4.750        9601.8184
       4.800        9604.1953
       4.850        9590.2881
       4.900        9667.4980
       4.950        9568.9463
       5.000        9601.4248
       5.050        9651.0840
       5.100        9676.9238
       5.150        9541.4756
       5.200        9568.6982
       5.250        9495.1963
       5.300        9608.9961
       5.350        9729.5947
       5.400        9550.3643
       5.450        9679.7793
       5.500        9559.2480
       5.550        9648.0566
       5.600        9621.0098
       5.650        9519.8984
       5.700        9385.8564
       5.750        9479.3145
       5.800        9651.1572
       5.850        9555.9072
       5.900        9633.1270
       5.950        9679.3066
       6.000        9655.2129
       6.050        9678.8086
       6.100        9499.9131
       6.150        9569.8291
       6.200        9722.1348
       6.250        9572.8799
       6.300        9682.3555
       6.350        9674.8926
       6.400        9697.1084
       6.450        9642.6094
       6.500        9693.8838
       6.550        9653.6934
       6.600        9655.9160
       6.650        9755.0098
       6.700        9677.6816
       6.750        9685.8271
       6.800        9574.5781
       6.850        9695.4082
       6.900        9697.7227
       6.950        9606.4189
       7.000        9616.8682
       7.050        9632.3477
       7.100        9774.3428
       7.150        9662.2051
       7.200        9559.8965
       7.250        9577.1836
       7.300        9685.5420
       7.350        9612.0000
       7.400        9650.6914
       7.450        9786.1523
       7.500        9602.9883
       7.550        9625.6582
       7.600        9641.1543
       7.650        9599.6621
       7.700        9701.5938
       7.750        9746.3105
       7.800        9633.0752
       7.850        9590.6572
       7.900        9609.4990
       7.950        9707.6455
       8.000        9602.0752
       8.050        9649.8447
       8.100        9613.1865
       8.150        9700.4043
       8.200        9683.7793
       8.250        9693.9727
       8.300        9674.3691
       8.350        9603.2139
       8.400        9696.4814
       8.450        9690.7051
       8.500        9501.6201
       8.550        9588.8564
       8.600        9849.9004
       8.650        9552.2275
       8.700        9656.1436
       8.750        9569.3535
       8.800        9695.1855
       8.850        9596.6055
       8.900        9644.6445
       8.950        9684.9902
       9.000        9591.3848
       9.050        9640.5820
       9.100        9745.6348
       9.150        9597.3701
       9.200        9744.5020
       9.250        9584.5029
       9.300        9712.8428
       9.350        9694.1133
       9.400        9791.5068
       9.450        9651.4551
       9.500        9710.0342
       9.550        9626.4932
       9.600        9641.8682
       9.650        9573.3818
       9.700        9639.3330
       9.750        9645.3232
       9.800        9619.8105
       9.850        9581.0195
       9.900        9554.4756
       9.950        9583.6523
      10.000        9618.0078
      10.050        9645.6016
      10.100        9576.0625
      10.150        9536.3232
      10.200        9577.9561
      10.250        9628.9961
      10.300        9616.6055
      10.350        9706.5029
      10.400        9721.2129
      10.450        9645.2344
      10.500        9762.0312
      10.550        9650.4844
      10.600        9637.5830
      10.650        9543.8740
      10.700        9542.0859
      10.750        9638.8486
      10.800        9690.5850
      10.850        9768.2998
      10.900        9771.7197
      10.950        9674.4268
      11.000        9752.4824
      11.050        9632.8643
      11.100        9663.9316
      11.150        9682.8867
      11.200        9642.8232
      11.250        9693.9453
      11.300        9691.1328
      11.350        9694.4375
      11.400        9743.1084
      11.450        9642.0605
      11.500        9545.5410
      11.550        9649.8066
      11.600        9590.8506
      11.650        9627.2148
      11.700        9686.0615
      11.750        9713.8945
      11.800        9727.0410
      11.850        9735.3750
      11.900        9750.4072
      11.950        9690.6797
      12.000        9647.3574
      12.050        9623.8291
      12.100        9598.1562
      12.150        9655.3867
      12.200        9640.3721
      12.250        9678.6514
      12.300        9616.9082
      12.350        9655.1807
      12.400        9670.8457
      12.450        9652.1650
      12.500        9668.2979
      12.550        9725.3418
      12.600        9568.7100
      12.650        9590.5996
      12.700        9608.9688
      12.750        9679.0010
      12.800        9590.2002
      12.850        9646.8623
      12.900        9685.2334
      12.950        9712.1367
      13.000        9613.5996
      13.050        9659.9893
      13.100        9628.2871
      13.150        9651.5986
      13.200        9707.9541
      13.250        9617.5059
      13.300        9578.4854
      13.350        9607.2188
      13.400        9592.2090
      13.450        9630.5078
      13.500        9675.7715
      13.550        9651.9941
      13.600        9620.9443
      13.650        9598.9736
      13.700        9639.9268
      13.750        9640.9766
      13.800        9651.3691
      13.850        9642.8047
      13.900        9662.8955
      13.950        9680.3955
      14.000        9678.4219
      14.050        9604.1357
      14.100        9664.6133
      14.150        9647.6787
      14.200        9735.0312
      14.250        9666.3906
      14.300        9739.5693
      14.350        9685.7109
      14.400        9596.5107
      14.450        9619.3691
      14.500        9691.3242
      14.550        9735.3145
      14.600        9652.7217
      14.650        9663.4229
      14.700        9729.7266
      14.750        9686.2471
      14.800        9677.9795
      14.850        9605.1953
      14.900        9543.0449
      14.950        9724.4453
      15.000        9647.0664
