       0.000      -63534.7652
       0.050      -49894.0997
       0.100      -48902.7219
       0.150      -48033.2551
       0.200      -47419.9869
       0.250      -47054.8615
       0.300      -46801.6433
       0.350      -46426.3487
       0.400      -46184.4771
       0.450      -46017.4901
       0.500      -45944.1167
       0.550      -45759.7923
       0.600      -45630.5569
       0.650      -45370.9171
       0.700      -45264.6829
       0.750      -45198.3283
       0.800      -45256.7340
       0.850      -45241.1950
       0.900      -45138.2188
       0.950      -45193.5650
       1.000      -45132.2470
       1.050      -45129.5276
       1.100      -45131.2880
       1.150      -45122.8845
       1.200      -45107.6776
       1.250      -45084.1063
       1.300      -45052.5085
       1.350      -45105.4099
       1.400      -45050.1684
       1.450      -45040.1512
       1.500      -45079.9458
       1.550      -45065.6046
       1.600      -44972.1249
       1.650      -44944.5182
       1.700      -45018.4731
       1.750      -45065.8381
       1.800      -45168.5925
       1.850      -45067.8563
       1.900      -45012.1458
       1.950      -44923.3713
       2.000      -44925.8684
       2.050      -44942.3546
       2.100      -44856.5373
       2.150      -44885.9979
       2.200      -44919.5046
       2.250      -44876.7445
       2.300      -44847.7964
       2.350      -45024.1387
       2.400      -45106.6392
       2.450      -45105.2218
       2.500      -45100.3665
       2.550      -45008.0443
       2.600      -45091.1605
       2.650      -45186.3154
       2.700      -45090.0350
       2.750      -45037.3870
       2.800      -45002.7650
       2.850      -45082.0100
       2.900      -44909.6810
       2.950      -45085.5535
       3.000      -45018.9492
       3.050      -44922.2757
       3.100      -45016.6158
       3.150      -45036.4342
       3.200      -45065.8431
       3.250      -44990.5390
       3.300      -45049.9822
       3.350      -45118.3486
       3.400      -44951.1161
       3.450      -44974.8269
       3.500      -44985.1394
       3.550      -44949.5993
       3.600      -45036.3777
       3.650      -45009.3739
       3.700      -45044.6063
       3.750      -45102.8450
       3.800      -45199.8058
       3.850      -45114.9073
       3.900      -45088.4408
       3.950      -45170.1684
       4.000      -45062.0477
       4.050      -45069.4483
       4.100      -45193.5404
       4.150      -45105.5597
       4.200      -45135.0236
       4.250      -45214.5607
       4.300      -45108.5790
       4.350      -45052.1656
       4.400      -45020.3192
       4.450      -45052.7236
       4.500      -45168.7711
       4.550      -45190.4796
       4.600      -45204.4493
       4.650      -45068.6725
       4.700      -45190.5572
       4.750      -45124.8186
       4.800      -45268.2824
       4.850      -45256.7767
       4.900      -45207.5753
       4.950      -45144.8680
       5.000      -45141.0704
       5.050      -45186.7936
       5.100      -45111.6141
       5.150      -45025.9789
       5.200      -45047.6049
       5.250      -44995.8902
       5.300      -45077.5698
       5.350      -45124.4116
       5.400      -45039.1413
       5.450      -45137.3666
       5.500      -45149.5342
       5.550      -45172.1619
       5.600      -45095.2147
       5.650      -45053.6362
       5.700      -44935.9024
       5.750      -45058.7203
       5.800      -45162.8814
       5.850      -45033.5281
       5.900      -45096.1413
       5.950      -45163.1042
       6.000      -45134.7380
       6.050      -45166.7290
       6.100      -45076.2898
       6.150      -45117.9807
       6.200      -45130.5314
       6.250      -44999.0072
       6.300      -45136.9332
       6.350      -45196.7326
       6.400      -45189.8834
       6.450      -45167.1187
       6.500      -45204.3633
       6.550      -45175.7344
       6.600      -45141.7883
       6.650      -45173.7523
       6.700      -45102.6836
       6.750      -45119.2756
       6.800      -45197.9931
       6.850      -45232.1574
       6.900      -45223.8592
       6.950      -45073.1542
       7.000      -45052.4018
       7.050      -45118.4784
       7.100      -45217.7684
       7.150      -45063.9634
       7.200      -44995.9553
       7.250      -44998.8855
       7.300      -45055.1644
       7.350      -45074.2525
       7.400      -45100.7698
       7.450      -45108.4150
       7.500      -44944.9699
       7.550      -45064.6781
       7.600      -45149.9362
       7.650      -45070.0809
       7.700      -45123.6156
       7.750      -45046.5531
       7.800      -44978.8277
       7.850      -44869.8761
       7.900      -44863.1577
       7.950      -44971.5978
       8.000      -44999.0615
       8.050      -45105.5808
       8.100      -45106.2678
       8.150      -45172.3060
       8.200      -45216.8211
       8.250      -45147.3520
       8.300      -45222.4451
       8.350      -45164.0797
       8.400      -45213.8363
       8.450      -45195.7569
       8.500      -45134.4803
       8.550      -45265.8445
       8.600      -45343.3546
       8.650      -45171.1659
       8.700      -45284.3976
       8.750      -45290.0463
       8.800      -45323.4545
       8.850      -45288.6788
       8.900      -45400.6035
       8.950      -45319.9702
       9.000      -45205.1582
       9.050      -45199.1707
       9.100      -45162.9572
       9.150      -45087.5964
       9.200      -45242.3902
       9.250      -45125.6801
       9.300      -45172.3512
       9.350      -45032.0558
       9.400      -45150.0794
       9.450      -44974.5067
       9.500      -45125.9292
       9.550      -45120.7412
       9.600      -45244.3936
       9.650      -45252.4737
       9.700      -45236.5760
       9.750      -45316.7906
       9.800      -45267.7626
       9.850      -45291.8824
       9.900      -45246.8757
       9.950      -45213.5620
      10.000      -45282.7265
      10.050      -45187.7214
      10.100      -45210.6982
      10.150      -45126.0584
      10.200      -45178.0712
      10.250      -45192.4674
      10.300      -45129.9937
      10.350      -45146.5256
      10.400      -45157.2133
      10.450      -45102.8410
      10.500      -45203.2315
      10.550      -45119.6049
      10.600      -45137.2119
      10.650      -45176.1273
      10.700      -45120.6554
      10.750      -45131.0820
      10.800      -45168.6857
      10.850      -45134.0730
      10.900      -45152.6667
      10.950      -45051.7984
      11.000      -45033.9597
      11.050      -44972.7369
      11.100      -45033.5612
      11.150      -44979.9870
      11.200      -44977.7730
      11.250      -45109.3601
      11.300      -45200.1097
      11.350      -45146.2405
      11.400      -45214.4634
      11.450      -45083.2402
      11.500      -44987.6825
      11.550      -45105.9191
      11.600      -45017.6134
      11.650      -45085.7526
      11.700      -45136.0978
      11.750      -45131.8083
      11.800      -45073.1702
      11.850      -45148.8296
      11.900      -45135.4447
      11.950      -45128.0595
      12.000      -45144.2506
      12.050      -45215.5678
      12.100      -45182.9022
      12.150      -45139.5001
      12.200      -45180.5880
      12.250      -45188.8169
      12.300      -45175.8122
      12.350      -45142.6002
      12.400      -45162.6169
      12.450      -45122.9185
      12.500      -45160.3109
      12.550      -45218.9816
      12.600      -45200.5149
      12.650      -45227.7214
      12.700      -45182.8315
      12.750      -45197.3630
      12.800      -45139.3281
      12.850      -45215.1114
      12.900      -45232.1618
      12.950      -45240.8361
      13.000      -45170.2660
      13.050      -45232.9042
      13.100      -45101.3818
      13.150      -45082.0432
      13.200      -45115.9306
      13.250      -45034.7415
      13.300      -45166.2105
      13.350      -45228.4450
      13.400      -45201.5890
      13.450      -45221.0284
      13.500      -45129.0342
      13.550      -45082.2612
      13.600      -45148.1109
      13.650      -45117.6162
      13.700      -45146.2361
      13.750      -45058.2393
      13.800      -45205.0260
      13.850      -45191.6968
      13.900      -45161.1906
      13.950      -45193.1270
      14.000      -45118.2127
      14.050      -45023.2501
      14.100      -45106.8782
      14.150      -45069.4728
      14.200      -45117.8345
      14.250      -45137.7244
      14.300      -45228.6416
      14.350      -45156.8187
      14.400      -45153.7370
      14.450      -45102.3434
      14.500      -45150.2701
      14.550      -45271.4046
      14.600      -45150.9714
      14.650      -45105.0906
      14.700      -45175.5383
      14.750      -45152.7149
      14.800      -45137.2787
      14.850      -45067.8153
      14.900      -45142.1246
      14.950      -45335.2103
      15.000      -45175.2085
