       0.000      -49559.8470
       0.050      -43661.0430
       0.100      -42184.9231
       0.150      -40858.8864
       0.200      -39802.6041
       0.250      -39040.4328
       0.300      -38425.1648
       0.350      -37875.1993
       0.400      -37442.9732
       0.450      -37132.9306
       0.500      -36972.0396
       0.550      -36732.3401
       0.600      -36471.7650
       0.650      -36151.5675
       0.700      -36043.3353
       0.750      -35889.0041
       0.800      -35859.5826
       0.850      -35759.1090
       0.900      -35697.9190
       0.950      -35689.3668
       1.000      -35701.8984
       1.050      -35609.6399
       1.100      -35647.3309
       1.150      -35686.4245
       1.200      -35643.4940
       1.250      -35513.0301
       1.300      -35490.2751
       1.350      -35495.6824
       1.400      -35410.2436
       1.450      -35369.3778
       1.500      -35386.4302
       1.550      -35415.6163
       1.600      -35306.3476
       1.650      -35372.8463
       1.700      -35398.5024
       1.750      -35488.8166
       1.800      -35558.0661
       1.850      -35593.4130
       1.900      -35503.2083
       1.950      -35407.7639
       2.000      -35250.3586
       2.050      -35155.8302
       2.100      -35242.9123
       2.150      -35223.8622
       2.200      -35186.3045
       2.250      -35241.0062
       2.300      -35242.3472
       2.350      -35394.8711
       2.400      -35462.3629
       2.450      -35383.0255
       2.500      -35457.7346
       2.550      -35458.4096
       2.600      -35439.5657
       2.650      -35482.9560
       2.700      -35436.1004
       2.750      -35351.4280
       2.800      -35399.4945
       2.850      -35305.8020
       2.900      -35291.1038
       2.950      -35333.7957
       3.000      -35394.8057
       3.050      -35364.4104
       3.100      -35422.9127
       3.150      -35426.9244
       3.200      -35419.1508
       3.250      -35454.4120
       3.300      -35539.8747
       3.350      -35487.5654
       3.400      -35364.0458
       3.450      -35365.0427
       3.500      -35372.9675
       3.550      -35276.8669
       3.600      -35336.2771
       3.650      -35471.1503
       3.700      -35475.1756
       3.750      -35570.7366
       3.800      -35530.0343
       3.850      -35473.4855
       3.900      -35591.3783
       3.950      -35548.4907
       4.000      -35480.2010
       4.050      -35401.5586
       4.100      -35494.3949
       4.150      -35497.7336
       4.200      -35447.4083
       4.250      -35502.6330
       4.300      -35551.5985
       4.350      -35568.4898
       4.400      -35437.8407
       4.450      -35489.3301
       4.500      -35692.0816
       4.550      -35588.3615
       4.600      -35570.0167
       4.650      -35520.1383
       4.700      -35537.6988
       4.750      -35523.0002
       4.800      -35664.0871
       4.850      -35666.4886
       4.900      -35540.0772
       4.950      -35575.9217
       5.000      -35539.6456
       5.050      -35535.7096
       5.100      -35434.6902
       5.150      -35484.5034
       5.200      -35478.9066
       5.250      -35500.6939
       5.300      -35468.5737
       5.350      -35394.8169
       5.400      -35488.7770
       5.450      -35457.5873
       5.500      -35590.2862
       5.550      -35524.1052
       5.600      -35474.2049
       5.650      -35533.7378
       5.700      -35550.0460
       5.750      -35579.4058
       5.800      -35511.7242
       5.850      -35477.6209
       5.900      -35463.0143
       5.950      -35483.7975
       6.000      -35479.5251
       6.050      -35487.9204
       6.100      -35576.3767
       6.150      -35548.1516
       6.200      -35408.3966
       6.250      -35426.1274
       6.300      -35454.5778
       6.350      -35521.8400
       6.400      -35492.7750
       6.450      -35524.5094
       6.500      -35510.4795
       6.550      -35522.0410
       6.600      -35485.8723
       6.650      -35418.7426
       6.700      -35425.0019
       6.750      -35433.4484
       6.800      -35623.4149
       6.850      -35536.7492
       6.900      -35526.1365
       6.950      -35466.7353
       7.000      -35435.5336
       7.050      -35486.1307
       7.100      -35443.4256
       7.150      -35401.7583
       7.200      -35436.0588
       7.250      -35421.7019
       7.300      -35369.6224
       7.350      -35462.2525
       7.400      -35450.0784
       7.450      -35322.2627
       7.500      -35341.9816
       7.550      -35439.0198
       7.600      -35508.7819
       7.650      -35470.4188
       7.700      -35422.0219
       7.750      -35300.2426
       7.800      -35345.7525
       7.850      -35279.2189
       7.900      -35253.6587
       7.950      -35263.9523
       8.000      -35396.9864
       8.050      -35455.7360
       8.100      -35493.0813
       8.150      -35471.9017
       8.200      -35533.0418
       8.250      -35453.3794
       8.300      -35548.0760
       8.350      -35560.8658
       8.400      -35517.3549
       8.450      -35505.0519
       8.500      -35632.8602
       8.550      -35676.9880
       8.600      -35493.4542
       8.650      -35618.9384
       8.700      -35628.2541
       8.750      -35720.6928
       8.800      -35628.2689
       8.850      -35692.0733
       8.900      -35755.9590
       8.950      -35634.9800
       9.000      -35613.7734
       9.050      -35558.5887
       9.100      -35417.3224
       9.150      -35490.2262
       9.200      -35497.8882
       9.250      -35541.1772
       9.300      -35459.5085
       9.350      -35337.9425
       9.400      -35358.5725
       9.450      -35323.0517
       9.500      -35415.8950
       9.550      -35494.2481
       9.600      -35602.5254
       9.650      -35679.0919
       9.700      -35597.2430
       9.750      -35671.4674
       9.800      -35647.9520
       9.850      -35710.8629
       9.900      -35692.4001
       9.950      -35629.9096
      10.000      -35664.7187
      10.050      -35542.1198
      10.100      -35634.6357
      10.150      -35589.7352
      10.200      -35600.1151
      10.250      -35563.4713
      10.300      -35513.3882
      10.350      -35440.0226
      10.400      -35436.0004
      10.450      -35457.6066
      10.500      -35441.2002
      10.550      -35469.1205
      10.600      -35499.6289
      10.650      -35632.2533
      10.700      -35578.5695
      10.750      -35492.2334
      10.800      -35478.1008
      10.850      -35365.7732
      10.900      -35380.9470
      10.950      -35377.3716
      11.000      -35281.4772
      11.050      -35339.8727
      11.100      -35369.6295
      11.150      -35297.1002
      11.200      -35334.9497
      11.250      -35415.4148
      11.300      -35508.9769
      11.350      -35451.8030
      11.400      -35471.3550
      11.450      -35441.1796
      11.500      -35442.1415
      11.550      -35456.1125
      11.600      -35426.7628
      11.650      -35458.5378
      11.700      -35450.0362
      11.750      -35417.9137
      11.800      -35346.1292
      11.850      -35413.4546
      11.900      -35385.0375
      11.950      -35437.3799
      12.000      -35496.8932
      12.050      -35591.7386
      12.100      -35584.7460
      12.150      -35484.1134
      12.200      -35540.2159
      12.250      -35510.1655
      12.300      -35558.9040
      12.350      -35487.4195
      12.400      -35491.7712
      12.450      -35470.7535
      12.500      -35492.0130
      12.550      -35493.6398
      12.600      -35631.8050
      12.650      -35637.1218
      12.700      -35573.8628
      12.750      -35518.3620
      12.800      -35549.1279
      12.850      -35568.2491
      12.900      -35546.9284
      12.950      -35528.6994
      13.000      -35556.6664
      13.050      -35572.9150
      13.100      -35473.0947
      13.150      -35430.4446
      13.200      -35407.9765
      13.250      -35417.2357
      13.300      -35587.7251
      13.350      -35621.2263
      13.400      -35609.3801
      13.450      -35590.5206
      13.500      -35453.2627
      13.550      -35430.2670
      13.600      -35527.1665
      13.650      -35518.6425
      13.700      -35506.3093
      13.750      -35417.2627
      13.800      -35553.6568
      13.850      -35548.8921
      13.900      -35498.2951
      13.950      -35512.7315
      14.000      -35439.7909
      14.050      -35419.1144
      14.100      -35442.2649
      14.150      -35421.7941
      14.200      -35382.8032
      14.250      -35471.3338
      14.300      -35489.0722
      14.350      -35471.1078
      14.400      -35557.2262
      14.450      -35482.9743
      14.500      -35458.9459
      14.550      -35536.0901
      14.600      -35498.2497
      14.650      -35441.6678
      14.700      -35445.8117
      14.750      -35466.4678
      14.800      -35459.2992
      14.850      -35462.6200
      14.900      -35599.0796
      14.950      -35610.7650
      15.000      -35528.1421
