       0.000     435.10
       0.050     194.06
       0.100     209.15
       0.150     223.37
       0.200     237.16
       0.250     249.52
       0.300     260.80
       0.350     266.23
       0.400     272.16
       0.450     276.61
       0.500     279.34
       0.550     281.06
       0.600     285.15
       0.650     287.04
       0.700     287.10
       0.750     289.84
       0.800     292.57
       0.850     295.22
       0.900     293.92
       0.950     295.91
       1.000     293.61
       1.050     296.39
       1.100     295.28
       1.150     293.80
       1.200     294.66
       1.250     297.99
       1.300     297.71
       1.350     299.19
       1.400     300.13
       1.450     301.09
       1.500     301.80
       1.550     300.45
       1.600     300.94
       1.650     298.01
       1.700     299.51
       1.750     298.17
       1.800     299.22
       1.850     294.98
       1.900     296.05
       1.950     296.26
       2.000     301.24
       2.050     304.70
       2.100     299.31
       2.150     300.82
       2.200     303.04
       2.250     300.00
       2.300     299.06
       2.350     299.80
       2.400     300.27
       2.450     302.69
       2.500     300.22
       2.550     297.32
       2.600     300.50
       2.650     302.11
       2.700     300.57
       2.750     301.56
       2.800     298.99
       2.850     304.37
       2.900     299.47
       2.950     303.61
       3.000     299.64
       3.050     297.58
       3.100     298.69
       3.150     299.18
       3.200     300.34
       3.250     296.90
       3.300     296.09
       3.350     299.85
       3.400     298.49
       3.450     299.19
       3.500     299.27
       3.550     301.15
       3.600     302.01
       3.650     296.97
       3.700     297.94
       3.750     296.77
       3.800     301.06
       3.850     300.18
       3.900     295.68
       3.950     299.56
       4.000     298.32
       4.050     301.00
       4.100     301.98
       4.150     299.13
       4.200     301.62
       4.250     302.37
       4.300     297.55
       4.350     295.27
       4.400     298.34
       4.450     297.75
       4.500     295.05
       4.550     298.95
       4.600     299.96
       4.650     297.29
       4.700     300.53
       4.750     298.95
       4.800     299.02
       4.850     298.59
       4.900     300.99
       4.950     297.92
       5.000     298.93
       5.050     300.48
       5.100     301.28
       5.150     297.07
       5.200     297.91
       5.250     295.63
       5.300     299.17
       5.350     302.92
       5.400     297.34
       5.450     301.37
       5.500     297.62
       5.550     300.38
       5.600     299.54
       5.650     296.39
       5.700     292.22
       5.750     295.13
       5.800     300.48
       5.850     297.52
       5.900     299.92
       5.950     301.36
       6.000     300.61
       6.050     301.34
       6.100     295.77
       6.150     297.95
       6.200     302.69
       6.250     298.04
       6.300     301.45
       6.350     301.22
       6.400     301.91
       6.450     300.22
       6.500     301.81
       6.550     300.56
       6.600     300.63
       6.650     303.71
       6.700     301.31
       6.750     301.56
       6.800     298.10
       6.850     301.86
       6.900     301.93
       6.950     299.09
       7.000     299.41
       7.050     299.90
       7.100     304.32
       7.150     300.83
       7.200     297.64
       7.250     298.18
       7.300     301.55
       7.350     299.26
       7.400     300.47
       7.450     304.68
       7.500     298.98
       7.550     299.69
       7.600     300.17
       7.650     298.88
       7.700     302.05
       7.750     303.44
       7.800     299.92
       7.850     298.60
       7.900     299.18
       7.950     302.24
       8.000     298.95
       8.050     300.44
       8.100     299.30
       8.150     302.01
       8.200     301.50
       8.250     301.81
       8.300     301.20
       8.350     298.99
       8.400     301.89
       8.450     301.71
       8.500     295.83
       8.550     298.54
       8.600     306.67
       8.650     297.40
       8.700     300.64
       8.750     297.93
       8.800     301.85
       8.850     298.78
       8.900     300.28
       8.950     301.53
       9.000     298.62
       9.050     300.15
       9.100     303.42
       9.150     298.81
       9.200     303.39
       9.250     298.41
       9.300     302.40
       9.350     301.82
       9.400     304.85
       9.450     300.49
       9.500     302.31
       9.550     299.71
       9.600     300.19
       9.650     298.06
       9.700     300.11
       9.750     300.30
       9.800     299.51
       9.850     298.30
       9.900     297.47
       9.950     298.38
      10.000     299.45
      10.050     300.31
      10.100     298.14
      10.150     296.91
      10.200     298.20
      10.250     299.79
      10.300     299.41
      10.350     302.20
      10.400     302.66
      10.450     300.30
      10.500     303.93
      10.550     300.46
      10.600     300.06
      10.650     297.14
      10.700     297.09
      10.750     300.10
      10.800     301.71
      10.850     304.13
      10.900     304.24
      10.950     301.21
      11.000     303.64
      11.050     299.91
      11.100     300.88
      11.150     301.47
      11.200     300.22
      11.250     301.81
      11.300     301.73
      11.350     301.83
      11.400     303.34
      11.450     300.20
      11.500     297.19
      11.550     300.44
      11.600     298.60
      11.650     299.74
      11.700     301.57
      11.750     302.43
      11.800     302.84
      11.850     303.10
      11.900     303.57
      11.950     301.71
      12.000     300.36
      12.050     299.63
      12.100     298.83
      12.150     300.61
      12.200     300.15
      12.250     301.34
      12.300     299.42
      12.350     300.61
      12.400     301.09
      12.450     300.51
      12.500     301.02
      12.550     302.79
      12.600     297.91
      12.650     298.60
      12.700     299.17
      12.750     301.35
      12.800     298.58
      12.850     300.35
      12.900     301.54
      12.950     302.38
      13.000     299.31
      13.050     300.76
      13.100     299.77
      13.150     300.50
      13.200     302.25
      13.250     299.43
      13.300     298.22
      13.350     299.11
      13.400     298.65
      13.450     299.84
      13.500     301.25
      13.550     300.51
      13.600     299.54
      13.650     298.86
      13.700     300.13
      13.750     300.16
      13.800     300.49
      13.850     300.22
      13.900     300.85
      13.950     301.39
      14.000     301.33
      14.050     299.02
      14.100     300.90
      14.150     300.37
      14.200     303.09
      14.250     300.96
      14.300     303.23
      14.350     301.56
      14.400     298.78
      14.450     299.49
      14.500     301.73
      14.550     303.10
      14.600     300.53
      14.650     300.86
      14.700     302.93
      14.750     301.57
      14.800     301.32
      14.850     299.05
      14.900     297.12
      14.950     302.76
      15.000     300.35
