       0.000           0.8720
       0.050           0.8720
       0.100           0.8720
       0.150           0.8720
       0.200           0.8750
       0.250           0.8750
       0.300           0.8750
       0.350           0.8750
       0.400           0.8750
       0.450           0.8750
       0.500           0.8792
       0.550           0.8792
       0.600           0.8792
       0.650           0.8792
       0.700           0.8805
       0.750           0.8805
       0.800           0.8805
       0.850           0.8805
       0.900           0.8805
       0.950           0.8805
       1.000           0.8805
       1.050           0.8805
       1.100           0.8805
       1.150           0.8805
       1.200           0.8877
       1.250           0.8877
       1.300           0.8900
       1.350           0.8900
       1.400           0.8900
       1.450           0.8900
       1.500           0.8918
       1.550           0.8918
       1.600           0.8958
       1.650           0.8958
       1.700           0.8964
       1.750           0.8964
       1.800           0.8964
       1.850           0.8964
       1.900           0.8964
       1.950           0.8964
       2.000           0.8964
       2.050           0.8964
       2.100           0.9054
       2.150           0.9054
       2.200           0.9054
       2.250           0.9054
       2.300           0.9138
       2.350           0.9138
       2.400           0.9146
       2.450           0.9146
       2.500           0.9170
       2.550           0.9170
       2.600           0.9226
       2.650           0.9226
       2.700           0.9276
       2.750           0.9276
       2.800           0.9276
       2.850           0.9276
       2.900           0.9334
       2.950           0.9334
       3.000           0.9334
       3.050           0.9334
       3.100           0.9334
       3.150           0.9334
       3.200           0.9334
       3.250           0.9334
       3.300           0.9334
       3.350           0.9334
       3.400           0.9334
       3.450           0.9334
       3.500           0.9334
       3.550           0.9334
       3.600           0.9334
       3.650           0.9334
       3.700           0.9334
       3.750           0.9334
       3.800           0.9334
       3.850           0.9334
       3.900           0.9334
       3.950           0.9334
       4.000           0.9334
       4.050           0.9334
       4.100           0.9366
       4.150           0.9366
       4.200           0.9424
       4.250           0.9424
       4.300           0.9438
       4.350           0.9438
       4.400           0.9438
       4.450           0.9438
       4.500           0.9466
       4.550           0.9466
       4.600           0.9512
       4.650           0.9512
       4.700           0.9512
       4.750           0.9512
       4.800           0.9512
       4.850           0.9512
       4.900           0.9553
       4.950           0.9553
       5.000           0.9615
