       0.000       13975.3925
       0.050        6055.1294
       0.100        6567.4556
       0.150        7079.7803
       0.200        7543.2417
       0.250        7819.5181
       0.300        8167.6504
       0.350        8427.8291
       0.400        8698.0811
       0.450        8878.9990
       0.500        8898.8213
       0.550        8970.4980
       0.600        9081.1055
       0.650        9138.0039
       0.700        9210.3252
       0.750        9396.2422
       0.800        9425.2891
       0.850        9333.3496
       0.900        9420.3018
       0.950        9369.5605
       1.000        9438.9551
       1.050        9424.8555
       1.100        9491.7773
       1.150        9478.9062
       1.200        9495.4912
       1.250        9570.4238
       1.300        9557.4199
       1.350        9536.5361
       1.400        9532.6973
       1.450        9550.4385
       1.500        9649.8848
       1.550        9647.3193
       1.600        9546.1133
       1.650        9709.2070
       1.700        9695.6904
       1.750        9603.4082
       1.800        9583.1621
       1.850        9686.1494
       1.900        9621.9414
       1.950        9591.0146
       2.000        9641.5889
       2.050        9616.0371
       2.100        9664.6787
       2.150        9732.4258
       2.200        9702.6963
       2.250        9783.5146
       2.300        9760.0986
       2.350        9853.2393
       2.400        9730.9473
       2.450        9625.2744
       2.500        9637.9736
       2.550        9755.7295
       2.600        9799.3135
       2.650        9789.9863
       2.700        9722.1318
       2.750        9705.7148
       2.800        9577.2568
       2.850        9666.8232
       2.900        9680.5088
       2.950        9657.5742
       3.000        9700.2695
       3.050        9718.7900
       3.100        9631.6445
       3.150        9709.5352
       3.200        9749.6758
       3.250        9842.9043
       3.300        9671.3193
       3.350        9544.0010
       3.400        9535.2266
       3.450        9688.5166
       3.500        9625.0908
       3.550        9570.2881
       3.600        9669.8389
       3.650        9634.6270
       3.700        9604.8291
       3.750        9723.3291
       3.800        9572.3750
       3.850        9539.9785
       3.900        9730.4404
       3.950        9682.7891
       4.000        9797.5879
       4.050        9715.3477
       4.100        9608.5068
       4.150        9704.4248
       4.200        9746.7500
       4.250        9766.5850
       4.300        9781.0498
       4.350        9632.1475
       4.400        9680.5020
       4.450        9663.6143
       4.500        9600.2607
       4.550        9685.8691
       4.600        9624.4375
       4.650        9718.0996
       4.700        9660.7607
       4.750        9579.0850
       4.800        9610.6777
       4.850        9606.4951
       4.900        9539.1533
       4.950        9664.4619
       5.000        9712.5557
