       0.000      -52825.2571
       0.050      -46251.6285
       0.100      -44693.2702
       0.150      -43334.1941
       0.200      -42155.8689
       0.250      -41320.7199
       0.300      -40582.6724
       0.350      -39954.3305
       0.400      -39359.9529
       0.450      -38875.7637
       0.500      -38567.3559
       0.550      -38293.3089
       0.600      -38092.0084
       0.650      -37769.3332
       0.700      -37558.7942
       0.750      -37358.7854
       0.800      -37256.3352
       0.850      -37184.1381
       0.900      -37000.0221
       0.950      -36873.2814
       1.000      -36781.2197
       1.050      -36692.8161
       1.100      -36545.1704
       1.150      -36506.1437
       1.200      -36511.0135
       1.250      -36513.6787
       1.300      -36540.7737
       1.350      -36483.9001
       1.400      -36438.5384
       1.450      -36323.2073
       1.500      -36269.5944
       1.550      -36218.4036
       1.600      -36351.4923
       1.650      -36239.8151
       1.700      -36197.7305
       1.750      -36136.4247
       1.800      -36171.4775
       1.850      -36069.8891
       1.900      -36030.6512
       1.950      -36119.3098
       2.000      -36047.5916
       2.050      -36030.6542
       2.100      -36084.9214
       2.150      -36135.9762
       2.200      -36130.6658
       2.250      -35974.5155
       2.300      -36027.0248
       2.350      -35973.0320
       2.400      -36143.3249
       2.450      -36171.6054
       2.500      -36140.0552
       2.550      -36060.5860
       2.600      -36103.0664
       2.650      -36104.2279
       2.700      -36237.9191
       2.750      -36301.4309
       2.800      -36343.3118
       2.850      -36289.4316
       2.900      -36370.9484
       2.950      -36508.7591
       3.000      -36367.8920
       3.050      -36373.7431
       3.100      -36356.3325
       3.150      -36438.1736
       3.200      -36331.4637
       3.250      -36304.7628
       3.300      -36480.4671
       3.350      -36429.0026
       3.400      -36414.7121
       3.450      -36388.3103
       3.500      -36516.0884
       3.550      -36529.0510
       3.600      -36529.4630
       3.650      -36471.4209
       3.700      -36560.7821
       3.750      -36494.2759
       3.800      -36522.6591
       3.850      -36513.5906
       3.900      -36373.0179
       3.950      -36312.1558
       4.000      -36308.9669
       4.050      -36342.6350
       4.100      -36308.1323
       4.150      -36294.6733
       4.200      -36294.5818
       4.250      -36368.7794
       4.300      -36464.0617
       4.350      -36519.7844
       4.400      -36493.8765
       4.450      -36520.1680
       4.500      -36582.0285
       4.550      -36641.7375
       4.600      -36651.5960
       4.650      -36709.6650
       4.700      -36632.1731
       4.750      -36746.3298
       4.800      -36643.6454
       4.850      -36763.7542
       4.900      -36765.9257
       4.950      -36764.8237
       5.000      -36760.6447
