       0.000     435.11
       0.050     188.52
       0.100     204.47
       0.150     220.42
       0.200     234.85
       0.250     243.45
       0.300     254.29
       0.350     262.39
       0.400     270.81
       0.450     276.44
       0.500     277.06
       0.550     279.29
       0.600     282.73
       0.650     284.50
       0.700     286.76
       0.750     292.54
       0.800     293.45
       0.850     290.59
       0.900     293.29
       0.950     291.71
       1.000     293.87
       1.050     293.44
       1.100     295.52
       1.150     295.12
       1.200     295.63
       1.250     297.97
       1.300     297.56
       1.350     296.91
       1.400     296.79
       1.450     297.35
       1.500     300.44
       1.550     300.36
       1.600     297.21
       1.650     302.29
       1.700     301.87
       1.750     298.99
       1.800     298.36
       1.850     301.57
       1.900     299.57
       1.950     298.61
       2.000     300.18
       2.050     299.39
       2.100     300.90
       2.150     303.01
       2.200     302.09
       2.250     304.60
       2.300     303.87
       2.350     306.77
       2.400     302.97
       2.450     299.68
       2.500     300.07
       2.550     303.74
       2.600     305.09
       2.650     304.80
       2.700     302.69
       2.750     302.18
       2.800     298.18
       2.850     300.97
       2.900     301.40
       2.950     300.68
       3.000     302.01
       3.050     302.59
       3.100     299.87
       3.150     302.30
       3.200     303.55
       3.250     306.45
       3.300     301.11
       3.350     297.15
       3.400     296.87
       3.450     301.64
       3.500     299.67
       3.550     297.96
       3.600     301.06
       3.650     299.97
       3.700     299.04
       3.750     302.73
       3.800     298.03
       3.850     297.02
       3.900     302.95
       3.950     301.47
       4.000     305.04
       4.050     302.48
       4.100     299.15
       4.150     302.14
       4.200     303.46
       4.250     304.08
       4.300     304.53
       4.350     299.89
       4.400     301.40
       4.450     300.87
       4.500     298.90
       4.550     301.56
       4.600     299.65
       4.650     302.57
       4.700     300.78
       4.750     298.24
       4.800     299.22
       4.850     299.09
       4.900     296.99
       4.950     300.90
       5.000     302.39
