       0.000      182679.1778
       0.050      182679.1778
       0.100      182679.1778
       0.150      182679.1778
       0.200      182047.4655
       0.250      182047.4655
       0.300      182047.4655
       0.350      182047.4655
       0.400      182047.4655
       0.450      182047.4655
       0.500      181186.6380
       0.550      181186.6380
       0.600      181186.6380
       0.650      181186.6380
       0.700      180921.2683
       0.750      180921.2683
       0.800      180921.2683
       0.850      180921.2683
       0.900      180921.2683
       0.950      180921.2683
       1.000      180921.2683
       1.050      180921.2683
       1.100      180921.2683
       1.150      180921.2683
       1.200      179436.6594
       1.250      179436.6594
       1.300      178984.9991
       1.350      178984.9991
       1.400      178984.9991
       1.450      178984.9991
       1.500      178617.0455
       1.550      178617.0455
       1.600      177832.2553
       1.650      177832.2553
       1.700      177698.9943
       1.750      177698.9943
       1.800      177698.9943
       1.850      177698.9943
       1.900      177698.9943
       1.950      177698.9943
       2.000      177698.9943
       2.050      177698.9943
       2.100      175939.0245
       2.150      175939.0245
       2.200      175939.0245
       2.250      175939.0245
       2.300      174325.9213
       2.350      174325.9213
       2.400      174160.9295
       2.450      174160.9295
       2.500      173708.3868
       2.550      173708.3868
       2.600      172650.2763
       2.650      172650.2763
       2.700      171717.7479
       2.750      171717.7479
       2.800      171717.7479
       2.850      171717.7479
       2.900      170660.8111
       2.950      170660.8111
       3.000      170660.8111
       3.050      170660.8111
       3.100      170660.8111
       3.150      170660.8111
       3.200      170660.8111
       3.250      170660.8111
       3.300      170660.8111
       3.350      170660.8111
       3.400      170660.8111
       3.450      170660.8111
       3.500      170660.8111
       3.550      170660.8111
       3.600      170660.8111
       3.650      170660.8111
       3.700      170660.8111
       3.750      170660.8111
       3.800      170660.8111
       3.850      170660.8111
       3.900      170660.8111
       3.950      170660.8111
       4.000      170660.8111
       4.050      170660.8111
       4.100      170077.4925
       4.150      170077.4925
       4.200      169038.1607
       4.250      169038.1607
       4.300      168773.6070
       4.350      168773.6070
       4.400      168773.6070
       4.450      168773.6070
       4.500      168280.5389
       4.550      168280.5389
       4.600      167463.9620
       4.650      167463.9620
       4.700      167463.9620
       4.750      167463.9620
       4.800      167463.9620
       4.850      167463.9620
       4.900      166752.0344
       4.950      166752.0344
       5.000      165665.1504
