       5.050           0.9615
       5.100           0.9615
       5.150           0.9615
       5.200           0.9671
       5.250           0.9671
       5.300           0.9671
       5.350           0.9671
       5.400           0.9671
       5.450           0.9671
       5.500           0.9671
       5.550           0.9671
       5.600           0.9671
       5.650           0.9671
       5.700           0.9671
       5.750           0.9671
       5.800           0.9671
       5.850           0.9671
       5.900           0.9671
       5.950           0.9671
       6.000           0.9696
       6.050           0.9696
       6.100           0.9755
       6.150           0.9755
       6.200           0.9756
       6.250           0.9756
       6.300           0.9756
       6.350           0.9756
       6.400           0.9809
       6.450           0.9809
       6.500           0.9809
       6.550           0.9809
       6.600           0.9809
       6.650           0.9809
       6.700           0.9823
       6.750           0.9823
       6.800           0.9823
       6.850           0.9823
       6.900           0.9837
       6.950           0.9837
       7.000           0.9837
       7.050           0.9837
       7.100           0.9837
       7.150           0.9837
       7.200           0.9837
       7.250           0.9837
       7.300           0.9859
       7.350           0.9859
       7.400           0.9859
       7.450           0.9859
       7.500           0.9888
       7.550           0.9888
       7.600           0.9888
       7.650           0.9888
       7.700           0.9923
       7.750           0.9923
       7.800           0.9923
       7.850           0.9923
       7.900           0.9923
       7.950           0.9923
       8.000           0.9923
       8.050           0.9923
       8.100           0.9923
       8.150           0.9923
       8.200           0.9923
       8.250           0.9923
       8.300           0.9923
       8.350           0.9923
       8.400           0.9923
       8.450           0.9923
       8.500           0.9923
       8.550           0.9923
       8.600           0.9923
       8.650           0.9923
       8.700           0.9964
       8.750           0.9964
       8.800           0.9964
       8.850           0.9964
       8.900           0.9964
       8.950           0.9964
       9.000           0.9964
       9.050           0.9964
       9.100           0.9982
       9.150           0.9982
       9.200           0.9982
       9.250           0.9982
       9.300           0.9983
       9.350           0.9983
       9.400           0.9983
       9.450           0.9983
       9.500           0.9983
       9.550           0.9983
       9.600           0.9983
       9.650           0.9983
       9.700           0.9983
       9.750           0.9983
       9.800           0.9994
       9.850           0.9994
       9.900           0.9994
       9.950           0.9994
      10.000           0.9994
