       5.050        9802.9941
       5.100        9856.7100
       5.150        9816.8867
       5.200        9947.8477
       5.250       10020.9766
       5.300        9899.9180
       5.350        9820.4453
       5.400        9743.8447
       5.450        9732.7451
       5.500        9757.3145
       5.550        9712.3906
       5.600        9686.5303
       5.650        9721.4131
       5.700        9709.1133
       5.750        9686.0234
       5.800        9701.0791
       5.850        9704.8135
       5.900        9713.4170
       5.950        9620.1045
       6.000        9684.7480
       6.050        9671.2549
       6.100        9696.8682
       6.150        9765.2451
       6.200        9755.6768
       6.250        9755.1719
       6.300        9670.4014
       6.350        9704.5391
       6.400        9785.4014
       6.450        9753.9492
       6.500        9741.3604
       6.550        9585.1006
       6.600        9664.7959
       6.650        9650.7803
       6.700        9760.0264
       6.750        9721.6211
       6.800        9654.5205
       6.850        9758.3486
       6.900        9704.9336
       6.950        9770.6299
       7.000        9789.5303
       7.050        9796.2656
       7.100        9737.1113
       7.150        9630.4229
       7.200        9637.1582
       7.250        9668.0684
       7.300        9607.6826
       7.350        9678.4053
       7.400        9549.8115
       7.450        9629.7666
       7.500        9680.9141
       7.550        9752.7451
       7.600        9688.7422
       7.650        9651.5986
       7.700        9522.0879
       7.750        9587.1992
       7.800        9628.4531
       7.850        9701.8340
       7.900        9580.8701
       7.950        9633.1826
       8.000        9570.0332
       8.050        9563.0469
       8.100        9603.3643
       8.150        9667.9053
       8.200        9713.6758
       8.250        9690.9102
       8.300        9601.9619
       8.350        9557.2324
       8.400        9619.3164
       8.450        9637.5527
       8.500        9664.5596
       8.550        9598.0986
       8.600        9559.2285
       8.650        9685.7217
       8.700        9736.0791
       8.750        9700.9756
       8.800        9673.5146
       8.850        9620.1836
       8.900        9671.9473
       8.950        9704.2852
       9.000        9641.7988
       9.050        9821.0596
       9.100        9570.1562
       9.150        9675.4502
       9.200        9556.5146
       9.250        9648.5303
       9.300        9599.0752
       9.350        9556.3691
       9.400        9703.2529
       9.450        9568.2285
       9.500        9624.5303
       9.550        9664.4658
       9.600        9685.7773
       9.650        9627.8809
       9.700        9587.2900
       9.750        9564.8994
       9.800        9748.6787
       9.850        9547.4229
       9.900        9632.0537
       9.950        9606.5615
      10.000        9656.0264
