       5.050      -45347.1002
       5.100      -45453.0843
       5.150      -45465.2339
       5.200      -45796.2038
       5.250      -46025.5252
       5.300      -46119.8315
       5.350      -46213.1762
       5.400      -46298.8538
       5.450      -46225.1932
       5.500      -46274.9841
       5.550      -46413.6067
       5.600      -46410.0915
       5.650      -46473.3294
       5.700      -46415.8827
       5.750      -46338.8845
       5.800      -46404.6379
       5.850      -46415.7606
       5.900      -46301.9855
       5.950      -46271.9402
       6.000      -46455.5810
       6.050      -46338.8566
       6.100      -46319.6587
       6.150      -46385.8769
       6.200      -46435.0503
       6.250      -46492.1582
       6.300      -46400.8392
       6.350      -46514.4851
       6.400      -46562.3312
       6.450      -46457.6260
       6.500      -46491.6712
       6.550      -46451.4159
       6.600      -46590.3979
       6.650      -46551.1432
       6.700      -46580.2719
       6.750      -46617.7032
       6.800      -46575.1874
       6.850      -46603.7447
       6.900      -46517.6086
       6.950      -46526.7836
       7.000      -46547.1647
       7.050      -46613.2324
       7.100      -46598.4849
       7.150      -46587.6903
       7.200      -46647.4048
       7.250      -46669.3267
       7.300      -46607.2324
       7.350      -46725.1115
       7.400      -46540.3803
       7.450      -46695.6200
       7.500      -46715.8023
       7.550      -46818.8506
       7.600      -46853.3954
       7.650      -46852.9334
       7.700      -46775.1257
       7.750      -46897.7071
       7.800      -46810.5512
       7.850      -46846.3392
       7.900      -46863.7004
       7.950      -46908.0125
       8.000      -46883.9430
       8.050      -46842.9874
       8.100      -46852.3486
       8.150      -46799.1957
       8.200      -46872.1944
       8.250      -46897.0396
       8.300      -46861.2792
       8.350      -46744.6609
       8.400      -46811.2678
       8.450      -46864.6659
       8.500      -46920.6520
       8.550      -46869.4139
       8.600      -46749.2155
       8.650      -46844.1490
       8.700      -46777.7202
       8.750      -46761.9047
       8.800      -46763.6327
       8.850      -46793.8311
       8.900      -46872.1282
       8.950      -46939.3123
       9.000      -46864.9230
       9.050      -46971.1542
       9.100      -46744.1992
       9.150      -46778.4909
       9.200      -46681.7721
       9.250      -46895.2027
       9.300      -46867.4564
       9.350      -46759.5896
       9.400      -46923.0969
       9.450      -46861.4264
       9.500      -46915.5506
       9.550      -46937.3310
       9.600      -46982.0738
       9.650      -47066.9361
       9.700      -46953.6349
       9.750      -47034.6601
       9.800      -47099.3458
       9.850      -46913.4562
       9.900      -46934.0522
       9.950      -46910.1623
      10.000      -46901.5704
