       5.050      0.0
       5.100      0.0
       5.150      0.0
       5.200      0.0
       5.250      0.0
       5.300      0.0
       5.350      0.0
       5.400      0.0
       5.450      0.0
       5.500      0.0
       5.550      0.0
       5.600      0.0
       5.650      0.0
       5.700      0.0
       5.750      0.0
       5.800      0.0
       5.850      0.0
       5.900      0.0
       5.950      0.0
       6.000      0.0
       6.050      0.0
       6.100      0.0
       6.150      0.0
       6.200      0.0
       6.250      0.0
       6.300      0.0
       6.350      0.0
       6.400      0.0
       6.450      0.0
       6.500      0.0
       6.550      0.0
       6.600      0.0
       6.650      0.0
       6.700      0.0
       6.750      0.0
       6.800      0.0
       6.850      0.0
       6.900      0.0
       6.950      0.0
       7.000      0.0
       7.050      0.0
       7.100      0.0
       7.150      0.0
       7.200      0.0
       7.250      0.0
       7.300      0.0
       7.350      0.0
       7.400      0.0
       7.450      0.0
       7.500      0.0
       7.550      0.0
       7.600      0.0
       7.650      0.0
       7.700      0.0
       7.750      0.0
       7.800      0.0
       7.850      0.0
       7.900      0.0
       7.950      0.0
       8.000      0.0
       8.050      0.0
       8.100      0.0
       8.150      0.0
       8.200      0.0
       8.250      0.0
       8.300      0.0
       8.350      0.0
       8.400      0.0
       8.450      0.0
       8.500      0.0
       8.550      0.0
       8.600      0.0
       8.650      0.0
       8.700      0.0
       8.750      0.0
       8.800      0.0
       8.850      0.0
       8.900      0.0
       8.950      0.0
       9.000      0.0
       9.050      0.0
       9.100      0.0
       9.150      0.0
       9.200      0.0
       9.250      0.0
       9.300      0.0
       9.350      0.0
       9.400      0.0
       9.450      0.0
       9.500      0.0
       9.550      0.0
       9.600      0.0
       9.650      0.0
       9.700      0.0
       9.750      0.0
       9.800      0.0
       9.850      0.0
       9.900      0.0
       9.950      0.0
      10.000      0.0
