       5.050     305.21
       5.100     306.88
       5.150     305.64
       5.200     309.72
       5.250     312.00
       5.300     308.23
       5.350     305.75
       5.400     303.37
       5.450     303.02
       5.500     303.79
       5.550     302.39
       5.600     301.58
       5.650     302.67
       5.700     302.29
       5.750     301.57
       5.800     302.04
       5.850     302.15
       5.900     302.42
       5.950     299.51
       6.000     301.53
       6.050     301.11
       6.100     301.90
       6.150     304.03
       6.200     303.74
       6.250     303.72
       6.300     301.08
       6.350     302.14
       6.400     304.66
       6.450     303.68
       6.500     303.29
       6.550     298.42
       6.600     300.91
       6.650     300.47
       6.700     303.87
       6.750     302.68
       6.800     300.59
       6.850     303.82
       6.900     302.16
       6.950     304.20
       7.000     304.79
       7.050     305.00
       7.100     303.16
       7.150     299.84
       7.200     300.05
       7.250     301.01
       7.300     299.13
       7.350     301.33
       7.400     297.33
       7.450     299.82
       7.500     301.41
       7.550     303.64
       7.600     301.65
       7.650     300.50
       7.700     296.46
       7.750     298.49
       7.800     299.77
       7.850     302.06
       7.900     298.29
       7.950     299.92
       8.000     297.96
       8.050     297.74
       8.100     298.99
       8.150     301.00
       8.200     302.43
       8.250     301.72
       8.300     298.95
       8.350     297.56
       8.400     299.49
       8.450     300.06
       8.500     300.90
       8.550     298.83
       8.600     297.62
       8.650     301.56
       8.700     303.13
       8.750     302.03
       8.800     301.18
       8.850     299.52
       8.900     301.13
       8.950     302.14
       9.000     300.19
       9.050     305.77
       9.100     297.96
       9.150     301.24
       9.200     297.53
       9.250     300.40
       9.300     298.86
       9.350     297.53
       9.400     302.10
       9.450     297.90
       9.500     299.65
       9.550     300.90
       9.600     301.56
       9.650     299.76
       9.700     298.49
       9.750     297.80
       9.800     303.52
       9.850     297.25
       9.900     299.89
       9.950     299.09
      10.000     300.63
