       5.050      165665.1501
       5.100      165665.1501
       5.150      165665.1501
       5.200      164715.6858
       5.250      164715.6858
       5.300      164715.6858
       5.350      164715.6858
       5.400      164715.6858
       5.450      164715.6858
       5.500      164715.6858
       5.550      164715.6858
       5.600      164715.6858
       5.650      164715.6858
       5.700      164715.6858
       5.750      164715.6858
       5.800      164715.6858
       5.850      164715.6858
       5.900      164715.6858
       5.950      164715.6858
       6.000      164290.4994
       6.050      164290.4994
       6.100      163291.3646
       6.150      163291.3646
       6.200      163284.9098
       6.250      163284.9098
       6.300      163284.9098
       6.350      163284.9098
       6.400      162390.0357
       6.450      162390.0357
       6.500      162390.0357
       6.550      162390.0357
       6.600      162390.0357
       6.650      162390.0357
       6.700      162157.0231
       6.750      162157.0231
       6.800      162157.0231
       6.850      162157.0231
       6.900      161925.8731
       6.950      161925.8731
       7.000      161925.8731
       7.050      161925.8731
       7.100      161925.8731
       7.150      161925.8731
       7.200      161925.8731
       7.250      161925.8731
       7.300      161579.7973
       7.350      161579.7973
       7.400      161579.7973
       7.450      161579.7973
       7.500      161096.3460
       7.550      161096.3460
       7.600      161096.3460
       7.650      161096.3460
       7.700      160534.1982
       7.750      160534.1982
       7.800      160534.1982
       7.850      160534.1982
       7.900      160534.1982
       7.950      160534.1982
       8.000      160534.1982
       8.050      160534.1982
       8.100      160534.1982
       8.150      160534.1982
       8.200      160534.1982
       8.250      160534.1982
       8.300      160534.1982
       8.350      160534.1982
       8.400      160534.1982
       8.450      160534.1982
       8.500      160534.1982
       8.550      160534.1982
       8.600      160534.1982
       8.650      160534.1982
       8.700      159863.8822
       8.750      159863.8822
       8.800      159863.8822
       8.850      159863.8822
       8.900      159863.8822
       8.950      159863.8822
       9.000      159863.8822
       9.050      159863.8822
       9.100      159576.4800
       9.150      159576.4800
       9.200      159576.4800
       9.250      159576.4800
       9.300      159569.4136
       9.350      159569.4136
       9.400      159569.4136
       9.450      159569.4136
       9.500      159569.4136
       9.550      159569.4136
       9.600      159569.4136
       9.650      159569.4136
       9.700      159569.4136
       9.750      159569.4136
       9.800      159391.7778
       9.850      159391.7778
       9.900      159391.7778
       9.950      159391.7778
      10.000      159391.7778
