      10.050           0.9994
      10.100           1.0028
      10.150           1.0028
      10.200           1.0028
      10.250           1.0028
      10.300           1.0028
      10.350           1.0028
      10.400           1.0046
      10.450           1.0046
      10.500           1.0047
      10.550           1.0047
      10.600           1.0047
      10.650           1.0047
      10.700           1.0047
      10.750           1.0047
      10.800           1.0047
      10.850           1.0047
      10.900           1.0047
      10.950           1.0047
      11.000           1.0047
      11.050           1.0047
      11.100           1.0047
      11.150           1.0047
      11.200           1.0047
      11.250           1.0047
      11.300           1.0047
      11.350           1.0047
      11.400           1.0047
      11.450           1.0047
      11.500           1.0075
      11.550           1.0075
      11.600           1.0075
      11.650           1.0075
      11.700           1.0066
      11.750           1.0066
      11.800           1.0078
      11.850           1.0078
      11.900           1.0121
      11.950           1.0121
      12.000           1.0121
      12.050           1.0121
      12.100           1.0121
      12.150           1.0121
      12.200           1.0121
      12.250           1.0121
      12.300           1.0121
      12.350           1.0121
      12.400           1.0121
      12.450           1.0121
      12.500           1.0111
      12.550           1.0111
      12.600           1.0111
      12.650           1.0111
      12.700           1.0111
      12.750           1.0111
      12.800           1.0151
      12.850           1.0151
      12.900           1.0141
      12.950           1.0141
      13.000           1.0141
      13.050           1.0141
      13.100           1.0141
      13.150           1.0141
      13.200           1.0141
      13.250           1.0141
      13.300           1.0141
      13.350           1.0141
      13.400           1.0141
      13.450           1.0141
      13.500           1.0141
      13.550           1.0141
      13.600           1.0141
      13.650           1.0141
      13.700           1.0141
      13.750           1.0141
      13.800           1.0141
      13.850           1.0141
      13.900           1.0141
      13.950           1.0141
      14.000           1.0142
      14.050           1.0142
      14.100           1.0142
      14.150           1.0142
      14.200           1.0142
      14.250           1.0142
      14.300           1.0142
      14.350           1.0142
      14.400           1.0142
      14.450           1.0142
      14.500           1.0142
      14.550           1.0142
      14.600           1.0142
      14.650           1.0142
      14.700           1.0142
      14.750           1.0142
      14.800           1.0142
      14.850           1.0142
      14.900           1.0142
      14.950           1.0142
      15.000           1.0142
      15.050           1.0142
      15.100           1.0137
      15.150           1.0137
      15.200           1.0137
      15.250           1.0137
      15.300           1.0144
      15.350           1.0144
      15.400           1.0144
      15.450           1.0144
      15.500           1.0150
      15.550           1.0150
      15.600           1.0150
      15.650           1.0150
      15.700           1.0150
      15.750           1.0150
      15.800           1.0125
      15.850           1.0125
      15.900           1.0125
      15.950           1.0125
      16.000           1.0125
      16.050           1.0125
      16.100           1.0125
      16.150           1.0125
      16.200           1.0125
      16.250           1.0125
      16.300           1.0125
      16.350           1.0125
      16.400           1.0125
      16.450           1.0125
      16.500           1.0125
      16.550           1.0125
      16.600           1.0125
      16.650           1.0125
      16.700           1.0129
      16.750           1.0129
      16.800           1.0137
      16.850           1.0137
      16.900           1.0142
      16.950           1.0142
      17.000           1.0142
      17.050           1.0142
      17.100           1.0142
      17.150           1.0142
      17.200           1.0152
      17.250           1.0152
      17.300           1.0152
      17.350           1.0152
      17.400           1.0152
      17.450           1.0152
      17.500           1.0152
      17.550           1.0152
      17.600           1.0152
      17.650           1.0152
      17.700           1.0192
      17.750           1.0192
      17.800           1.0192
      17.850           1.0192
      17.900           1.0192
      17.950           1.0192
      18.000           1.0192
      18.050           1.0192
      18.100           1.0192
      18.150           1.0192
      18.200           1.0168
      18.250           1.0168
      18.300           1.0168
      18.350           1.0168
      18.400           1.0168
      18.450           1.0168
      18.500           1.0152
      18.550           1.0152
      18.600           1.0152
      18.650           1.0152
      18.700           1.0152
      18.750           1.0152
      18.800           1.0152
      18.850           1.0152
      18.900           1.0152
      18.950           1.0152
      19.000           1.0152
      19.050           1.0152
      19.100           1.0152
      19.150           1.0152
      19.200           1.0172
      19.250           1.0172
      19.300           1.0172
      19.350           1.0172
      19.400           1.0172
      19.450           1.0172
      19.500           1.0172
      19.550           1.0172
      19.600           1.0172
      19.650           1.0172
      19.700           1.0159
      19.750           1.0159
      19.800           1.0159
      19.850           1.0159
      19.900           1.0159
      19.950           1.0159
      20.000           1.0195
