      10.050        9639.6367
      10.100        9641.1299
      10.150        9747.5850
      10.200        9725.8623
      10.250        9636.9941
      10.300        9666.8408
      10.350        9737.3818
      10.400        9699.0029
      10.450        9596.4199
      10.500        9585.0049
      10.550        9748.2002
      10.600        9656.8174
      10.650        9543.9980
      10.700        9637.4492
      10.750        9631.7510
      10.800        9587.0107
      10.850        9659.1328
      10.900        9644.7139
      10.950        9797.4287
      11.000        9764.8867
      11.050        9637.3086
      11.100        9675.4199
      11.150        9762.3008
      11.200        9610.1074
      11.250        9716.6318
      11.300        9690.3750
      11.350        9644.5361
      11.400        9683.5068
      11.450        9653.3027
      11.500        9518.9756
      11.550        9572.0527
      11.600        9621.7588
      11.650        9624.2080
      11.700        9678.7773
      11.750        9549.2393
      11.800        9717.7852
      11.850        9642.4375
      11.900        9615.7852
      11.950        9586.7666
      12.000        9689.2520
      12.050        9559.7920
      12.100        9453.6650
      12.150        9592.6758
      12.200        9586.3037
      12.250        9557.4082
      12.300        9470.0068
      12.350        9664.0908
      12.400        9449.3828
      12.450        9729.8408
      12.500        9504.0479
      12.550        9729.6934
      12.600        9609.2178
      12.650        9620.0234
      12.700        9666.3848
      12.750        9720.2383
      12.800        9721.2422
      12.850        9731.8242
      12.900        9672.2578
      12.950        9631.3125
      13.000        9579.5068
      13.050        9605.4072
      13.100        9583.3242
      13.150        9545.8301
      13.200        9625.7695
      13.250        9721.2842
      13.300        9777.5137
      13.350        9695.4570
      13.400        9550.7197
      13.450        9583.7812
      13.500        9527.5869
      13.550        9598.1094
      13.600        9687.2461
      13.650        9565.2803
      13.700        9696.1650
      13.750        9672.8936
      13.800        9756.4502
      13.850        9611.7070
      13.900        9670.2080
      13.950        9674.6318
      14.000        9679.2012
      14.050        9612.5225
      14.100        9666.9678
      14.150        9625.5088
      14.200        9635.8477
      14.250        9688.7197
      14.300        9729.1797
      14.350        9673.1436
      14.400        9652.7842
      14.450        9712.8896
      14.500        9619.7373
      14.550        9679.4111
      14.600        9561.1025
      14.650        9617.3564
      14.700        9577.8105
      14.750        9690.2959
      14.800        9553.0811
      14.850        9608.5674
      14.900        9646.9766
      14.950        9624.0859
      15.000        9642.3516
      15.050        9565.5752
      15.100        9649.9814
      15.150        9649.1523
      15.200        9635.7412
      15.250        9629.8086
      15.300        9729.7715
      15.350        9697.2871
      15.400        9613.0742
      15.450        9558.7764
      15.500        9677.6738
      15.550        9690.2002
      15.600        9568.3398
      15.650        9635.0674
      15.700        9641.8584
      15.750        9626.7197
      15.800        9704.7061
      15.850        9612.6553
      15.900        9456.9697
      15.950        9620.6885
      16.000        9521.4434
      16.050        9625.4922
      16.100        9563.5938
      16.150        9609.4443
      16.200        9575.3350
      16.250        9666.1689
      16.300        9660.2764
      16.350        9627.2920
      16.400        9620.1357
      16.450        9599.5996
      16.500        9660.5596
      16.550        9752.7900
      16.600        9575.3037
      16.650        9700.7549
      16.700        9583.3379
      16.750        9623.7061
      16.800        9629.0879
      16.850        9574.2373
      16.900        9615.2646
      16.950        9592.5967
      17.000        9677.7207
      17.050        9725.0879
      17.100        9574.4775
      17.150        9625.4111
      17.200        9618.6426
      17.250        9477.0869
      17.300        9518.4609
      17.350        9625.6797
      17.400        9668.9980
      17.450        9724.6777
      17.500        9733.6270
      17.550        9694.0332
      17.600        9575.7148
      17.650        9666.0029
      17.700        9767.4541
      17.750        9625.3115
      17.800        9627.7588
      17.850        9564.0840
      17.900        9632.2285
      17.950        9717.1377
      18.000        9637.0195
      18.050        9558.2520
      18.100        9619.1553
      18.150        9647.2217
      18.200        9738.8584
      18.250        9762.3945
      18.300        9647.5908
      18.350        9654.1562
      18.400        9632.2441
      18.450        9683.6299
      18.500        9674.3643
      18.550        9584.5264
      18.600        9591.7812
      18.650        9525.4043
      18.700        9626.7695
      18.750        9540.5752
      18.800        9602.2969
      18.850        9707.1465
      18.900        9625.2666
      18.950        9795.0078
      19.000        9801.9512
      19.050        9743.7705
      19.100        9659.8984
      19.150        9610.9658
      19.200        9743.7920
      19.250        9736.8682
      19.300        9712.2021
      19.350        9582.8281
      19.400        9681.2041
      19.450        9716.4883
      19.500        9638.0703
      19.550        9611.6084
      19.600        9570.4541
      19.650        9532.0615
      19.700        9663.8057
      19.750        9584.4229
      19.800        9557.4502
      19.850        9701.0225
      19.900        9597.5674
      19.950        9645.1045
      20.000        9603.0488
