      10.050      -46758.9551
      10.100      -46793.8709
      10.150      -46843.9824
      10.200      -46939.0607
      10.250      -46909.9109
      10.300      -46873.3736
      10.350      -46963.7024
      10.400      -46928.9548
      10.450      -46895.4774
      10.500      -46816.0085
      10.550      -47009.4549
      10.600      -47021.6272
      10.650      -47004.7331
      10.700      -46929.5198
      10.750      -47010.1915
      10.800      -46883.6978
      10.850      -46903.0658
      10.900      -46948.2158
      10.950      -47002.7264
      11.000      -46860.4799
      11.050      -46875.8506
      11.100      -46927.3165
      11.150      -46975.0870
      11.200      -46900.9627
      11.250      -47006.9896
      11.300      -46996.1447
      11.350      -47012.9371
      11.400      -46975.3807
      11.450      -46949.6661
      11.500      -46875.5088
      11.550      -46973.7579
      11.600      -46988.0967
      11.650      -46941.3696
      11.700      -46991.1179
      11.750      -46932.9533
      11.800      -47029.4525
      11.850      -46960.6912
      11.900      -47061.9695
      11.950      -47092.9668
      12.000      -47239.7836
      12.050      -47234.6982
      12.100      -47052.0040
      12.150      -47158.7547
      12.200      -47039.0684
      12.250      -47079.9056
      12.300      -47050.0178
      12.350      -47201.1755
      12.400      -47048.0421
      12.450      -47147.2278
      12.500      -46873.5246
      12.550      -46961.5457
      12.600      -46821.0503
      12.650      -46897.1517
      12.700      -46969.3701
      12.750      -46982.6124
      12.800      -46996.3252
      12.850      -47005.5659
      12.900      -46980.4421
      12.950      -47015.6067
      13.000      -46978.2090
      13.050      -46987.0535
      13.100      -47070.1226
      13.150      -47055.1557
      13.200      -47024.1989
      13.250      -47055.6028
      13.300      -47121.1700
      13.350      -47069.7812
      13.400      -46909.1077
      13.450      -47021.7828
      13.500      -46938.6337
      13.550      -47096.1258
      13.600      -47121.2283
      13.650      -47046.2617
      13.700      -47043.5739
      13.750      -47062.3359
      13.800      -47008.1188
      13.850      -46931.9599
      13.900      -46928.8865
      13.950      -46962.0343
      14.000      -46984.9846
      14.050      -46928.3136
      14.100      -47040.1793
      14.150      -46964.7724
      14.200      -46971.0230
      14.250      -47082.3629
      14.300      -47103.1098
      14.350      -47192.8184
      14.400      -47127.9029
      14.450      -47071.6127
      14.500      -47055.7375
      14.550      -47064.8751
      14.600      -47026.8836
      14.650      -47030.5716
      14.700      -47017.8758
      14.750      -47080.1343
      14.800      -46938.9587
      14.850      -46995.3909
      14.900      -46933.4724
      14.950      -46940.4528
      15.000      -46995.6942
      15.050      -46975.9086
      15.100      -46981.3089
      15.150      -46864.0963
      15.200      -46906.8558
      15.250      -46896.7545
      15.300      -47020.4843
      15.350      -46949.0957
      15.400      -46910.3055
      15.450      -46997.3672
      15.500      -47116.9745
      15.550      -47116.4619
      15.600      -46973.3095
      15.650      -46950.8650
      15.700      -47022.1576
      15.750      -47137.0262
      15.800      -47102.4408
      15.850      -47068.2750
      15.900      -47062.0953
      15.950      -47146.8625
      16.000      -47072.5736
      16.050      -47208.8450
      16.100      -47105.9591
      16.150      -47143.6325
      16.200      -47085.8107
      16.250      -47086.5351
      16.300      -47137.9489
      16.350      -47095.6283
      16.400      -47048.5551
      16.450      -46958.4029
      16.500      -47006.8243
      16.550      -47049.5090
      16.600      -46911.9011
      16.650      -47101.1651
      16.700      -47028.8275
      16.750      -47025.3693
      16.800      -47093.3162
      16.850      -47072.5757
      16.900      -47101.4970
      16.950      -47125.6455
      17.000      -47123.1550
      17.050      -47185.6709
      17.100      -47074.0748
      17.150      -47119.6197
      17.200      -47152.7593
      17.250      -47050.8653
      17.300      -47047.7865
      17.350      -47122.3567
      17.400      -47008.5068
      17.450      -47069.8341
      17.500      -47007.7619
      17.550      -46967.5313
      17.600      -46851.5146
      17.650      -46952.4136
      17.700      -47056.2640
      17.750      -47004.3089
      17.800      -47050.7919
      17.850      -46948.5186
      17.900      -46973.0163
      17.950      -47025.0016
      18.000      -46987.3335
      18.050      -46920.9457
      18.100      -47047.7061
      18.150      -47038.6848
      18.200      -47032.8356
      18.250      -47060.1435
      18.300      -46998.0406
      18.350      -46936.7545
      18.400      -46987.1584
      18.450      -47088.7954
      18.500      -47035.8607
      18.550      -47022.3957
      18.600      -47138.9691
      18.650      -47059.7908
      18.700      -47105.2863
      18.750      -46960.5826
      18.800      -46928.8844
      18.850      -47106.0163
      18.900      -47002.2065
      18.950      -47016.9897
      19.000      -46981.9229
      19.050      -46857.3239
      19.100      -46898.7108
      19.150      -46954.8598
      19.200      -47045.6955
      19.250      -47085.4093
      19.300      -47059.3403
      19.350      -46965.9400
      19.400      -47045.9878
      19.450      -47142.0125
      19.500      -47080.8957
      19.550      -47087.1916
      19.600      -47088.7518
      19.650      -47131.5916
      19.700      -47230.9370
      19.750      -47150.5662
      19.800      -46990.7817
      19.850      -47020.5585
      19.900      -47074.7181
      19.950      -47122.0282
      20.000      -47034.2924
