      10.050      -37119.3184
      10.100      -37152.7410
      10.150      -37096.3974
      10.200      -37213.1984
      10.250      -37272.9168
      10.300      -37206.5328
      10.350      -37226.3205
      10.400      -37229.9519
      10.450      -37299.0574
      10.500      -37231.0037
      10.550      -37261.2547
      10.600      -37364.8098
      10.650      -37460.7351
      10.700      -37292.0706
      10.750      -37378.4405
      10.800      -37296.6871
      10.850      -37243.9330
      10.900      -37303.5019
      10.950      -37205.2977
      11.000      -37095.5932
      11.050      -37238.5420
      11.100      -37251.8965
      11.150      -37212.7862
      11.200      -37290.8553
      11.250      -37290.3578
      11.300      -37305.7697
      11.350      -37368.4010
      11.400      -37291.8738
      11.450      -37296.3634
      11.500      -37356.5332
      11.550      -37401.7051
      11.600      -37366.3379
      11.650      -37317.1616
      11.700      -37312.3405
      11.750      -37383.7141
      11.800      -37311.6673
      11.850      -37318.2537
      11.900      -37446.1844
      11.950      -37506.2002
      12.000      -37550.5317
      12.050      -37674.9062
      12.100      -37598.3389
      12.150      -37566.0790
      12.200      -37452.7647
      12.250      -37522.4974
      12.300      -37580.0110
      12.350      -37537.0846
      12.400      -37598.6593
      12.450      -37417.3869
      12.500      -37369.4767
      12.550      -37231.8524
      12.600      -37211.8325
      12.650      -37277.1282
      12.700      -37302.9854
      12.750      -37262.3742
      12.800      -37275.0830
      12.850      -37273.7417
      12.900      -37308.1843
      12.950      -37384.2942
      13.000      -37398.7022
      13.050      -37381.6462
      13.100      -37486.7984
      13.150      -37509.3257
      13.200      -37398.4294
      13.250      -37334.3186
      13.300      -37343.6564
      13.350      -37374.3242
      13.400      -37358.3879
      13.450      -37438.0015
      13.500      -37411.0468
      13.550      -37498.0164
      13.600      -37433.9822
      13.650      -37480.9815
      13.700      -37347.4088
      13.750      -37389.4423
      13.800      -37251.6686
      13.850      -37320.2529
      13.900      -37258.6785
      13.950      -37287.4024
      14.000      -37305.7834
      14.050      -37315.7911
      14.100      -37373.2115
      14.150      -37339.2636
      14.200      -37335.1753
      14.250      -37393.6431
      14.300      -37373.9301
      14.350      -37519.6749
      14.400      -37475.1187
      14.450      -37358.7231
      14.500      -37436.0002
      14.550      -37385.4640
      14.600      -37465.7811
      14.650      -37413.2152
      14.700      -37440.0653
      14.750      -37389.8384
      14.800      -37385.8776
      14.850      -37386.8235
      14.900      -37286.4958
      14.950      -37316.3668
      15.000      -37353.3426
      15.050      -37410.3334
      15.100      -37331.3275
      15.150      -37214.9440
      15.200      -37271.1146
      15.250      -37266.9459
      15.300      -37290.7128
      15.350      -37251.8086
      15.400      -37297.2313
      15.450      -37438.5908
      15.500      -37439.3007
      15.550      -37426.2617
      15.600      -37404.9696
      15.650      -37315.7976
      15.700      -37380.2992
      15.750      -37510.3065
      15.800      -37397.7347
      15.850      -37455.6197
      15.900      -37605.1255
      15.950      -37526.1741
      16.000      -37551.1302
      16.050      -37583.3528
      16.100      -37542.3653
      16.150      -37534.1881
      16.200      -37510.4757
      16.250      -37420.3662
      16.300      -37477.6726
      16.350      -37468.3364
      16.400      -37428.4193
      16.450      -37358.8033
      16.500      -37346.2647
      16.550      -37296.7190
      16.600      -37336.5974
      16.650      -37400.4103
      16.700      -37445.4896
      16.750      -37401.6632
      16.800      -37464.2284
      16.850      -37498.3384
      16.900      -37486.2324
      16.950      -37533.0488
      17.000      -37445.4343
      17.050      -37460.5830
      17.100      -37499.5972
      17.150      -37494.2085
      17.200      -37534.1168
      17.250      -37573.7784
      17.300      -37529.3255
      17.350      -37496.6770
      17.400      -37339.5088
      17.450      -37345.1564
      17.500      -37274.1349
      17.550      -37273.4981
      17.600      -37275.7998
      17.650      -37286.4107
      17.700      -37288.8099
      17.750      -37378.9974
      17.800      -37423.0331
      17.850      -37384.4346
      17.900      -37340.7878
      17.950      -37307.8639
      18.000      -37350.3140
      18.050      -37362.6938
      18.100      -37428.5509
      18.150      -37391.4631
      18.200      -37293.9772
      18.250      -37297.7489
      18.300      -37350.4498
      18.350      -37282.5982
      18.400      -37354.9143
      18.450      -37405.1655
      18.500      -37361.4965
      18.550      -37437.8694
      18.600      -37547.1878
      18.650      -37534.3865
      18.700      -37478.5168
      18.750      -37420.0074
      18.800      -37326.5875
      18.850      -37398.8698
      18.900      -37376.9399
      18.950      -37221.9819
      19.000      -37179.9717
      19.050      -37113.5534
      19.100      -37238.8124
      19.150      -37343.8940
      19.200      -37301.9035
      19.250      -37348.5411
      19.300      -37347.1382
      19.350      -37383.1119
      19.400      -37364.7837
      19.450      -37425.5242
      19.500      -37442.8254
      19.550      -37475.5832
      19.600      -37518.2977
      19.650      -37599.5301
      19.700      -37567.1314
      19.750      -37566.1434
      19.800      -37433.3316
      19.850      -37319.5361
      19.900      -37477.1507
      19.950      -37476.9237
      20.000      -37431.2436
