      10.050      0.0
      10.100      0.0
      10.150      0.0
      10.200      0.0
      10.250      0.0
      10.300      0.0
      10.350      0.0
      10.400      0.0
      10.450      0.0
      10.500      0.0
      10.550      0.0
      10.600      0.0
      10.650      0.0
      10.700      0.0
      10.750      0.0
      10.800      0.0
      10.850      0.0
      10.900      0.0
      10.950      0.0
      11.000      0.0
      11.050      0.0
      11.100      0.0
      11.150      0.0
      11.200      0.0
      11.250      0.0
      11.300      0.0
      11.350      0.0
      11.400      0.0
      11.450      0.0
      11.500      0.0
      11.550      0.0
      11.600      0.0
      11.650      0.0
      11.700      0.0
      11.750      0.0
      11.800      0.0
      11.850      0.0
      11.900      0.0
      11.950      0.0
      12.000      0.0
      12.050      0.0
      12.100      0.0
      12.150      0.0
      12.200      0.0
      12.250      0.0
      12.300      0.0
      12.350      0.0
      12.400      0.0
      12.450      0.0
      12.500      0.0
      12.550      0.0
      12.600      0.0
      12.650      0.0
      12.700      0.0
      12.750      0.0
      12.800      0.0
      12.850      0.0
      12.900      0.0
      12.950      0.0
      13.000      0.0
      13.050      0.0
      13.100      0.0
      13.150      0.0
      13.200      0.0
      13.250      0.0
      13.300      0.0
      13.350      0.0
      13.400      0.0
      13.450      0.0
      13.500      0.0
      13.550      0.0
      13.600      0.0
      13.650      0.0
      13.700      0.0
      13.750      0.0
      13.800      0.0
      13.850      0.0
      13.900      0.0
      13.950      0.0
      14.000      0.0
      14.050      0.0
      14.100      0.0
      14.150      0.0
      14.200      0.0
      14.250      0.0
      14.300      0.0
      14.350      0.0
      14.400      0.0
      14.450      0.0
      14.500      0.0
      14.550      0.0
      14.600      0.0
      14.650      0.0
      14.700      0.0
      14.750      0.0
      14.800      0.0
      14.850      0.0
      14.900      0.0
      14.950      0.0
      15.000      0.0
      15.050      0.0
      15.100      0.0
      15.150      0.0
      15.200      0.0
      15.250      0.0
      15.300      0.0
      15.350      0.0
      15.400      0.0
      15.450      0.0
      15.500      0.0
      15.550      0.0
      15.600      0.0
      15.650      0.0
      15.700      0.0
      15.750      0.0
      15.800      0.0
      15.850      0.0
      15.900      0.0
      15.950      0.0
      16.000      0.0
      16.050      0.0
      16.100      0.0
      16.150      0.0
      16.200      0.0
      16.250      0.0
      16.300      0.0
      16.350      0.0
      16.400      0.0
      16.450      0.0
      16.500      0.0
      16.550      0.0
      16.600      0.0
      16.650      0.0
      16.700      0.0
      16.750      0.0
      16.800      0.0
      16.850      0.0
      16.900      0.0
      16.950      0.0
      17.000      0.0
      17.050      0.0
      17.100      0.0
      17.150      0.0
      17.200      0.0
      17.250      0.0
      17.300      0.0
      17.350      0.0
      17.400      0.0
      17.450      0.0
      17.500      0.0
      17.550      0.0
      17.600      0.0
      17.650      0.0
      17.700      0.0
      17.750      0.0
      17.800      0.0
      17.850      0.0
      17.900      0.0
      17.950      0.0
      18.000      0.0
      18.050      0.0
      18.100      0.0
      18.150      0.0
      18.200      0.0
      18.250      0.0
      18.300      0.0
      18.350      0.0
      18.400      0.0
      18.450      0.0
      18.500      0.0
      18.550      0.0
      18.600      0.0
      18.650      0.0
      18.700      0.0
      18.750      0.0
      18.800      0.0
      18.850      0.0
      18.900      0.0
      18.950      0.0
      19.000      0.0
      19.050      0.0
      19.100      0.0
      19.150      0.0
      19.200      0.0
      19.250      0.0
      19.300      0.0
      19.350      0.0
      19.400      0.0
      19.450      0.0
      19.500      0.0
      19.550      0.0
      19.600      0.0
      19.650      0.0
      19.700      0.0
      19.750      0.0
      19.800      0.0
      19.850      0.0
      19.900      0.0
      19.950      0.0
      20.000      0.0
