      10.050     300.12
      10.100     300.17
      10.150     303.48
      10.200     302.81
      10.250     300.04
      10.300     300.97
      10.350     303.17
      10.400     301.97
      10.450     298.78
      10.500     298.42
      10.550     303.50
      10.600     300.66
      10.650     297.15
      10.700     300.05
      10.750     299.88
      10.800     298.48
      10.850     300.73
      10.900     300.28
      10.950     305.04
      11.000     304.02
      11.050     300.05
      11.100     301.24
      11.150     303.94
      11.200     299.20
      11.250     302.52
      11.300     301.70
      11.350     300.28
      11.400     301.49
      11.450     300.55
      11.500     296.37
      11.550     298.02
      11.600     299.57
      11.650     299.64
      11.700     301.34
      11.750     297.31
      11.800     302.56
      11.850     300.21
      11.900     299.38
      11.950     298.48
      12.000     301.67
      12.050     297.64
      12.100     294.33
      12.150     298.66
      12.200     298.46
      12.250     297.56
      12.300     294.84
      12.350     300.88
      12.400     294.20
      12.450     302.93
      12.500     295.90
      12.550     302.93
      12.600     299.18
      12.650     299.51
      12.700     300.96
      12.750     302.63
      12.800     302.66
      12.850     302.99
      12.900     301.14
      12.950     299.86
      13.000     298.25
      13.050     299.06
      13.100     298.37
      13.150     297.20
      13.200     299.69
      13.250     302.66
      13.300     304.42
      13.350     301.86
      13.400     297.35
      13.450     298.38
      13.500     296.63
      13.550     298.83
      13.600     301.61
      13.650     297.81
      13.700     301.88
      13.750     301.16
      13.800     303.76
      13.850     299.25
      13.900     301.07
      13.950     301.21
      14.000     301.35
      14.050     299.28
      14.100     300.97
      14.150     299.68
      14.200     300.00
      14.250     301.65
      14.300     302.91
      14.350     301.17
      14.400     300.53
      14.450     302.40
      14.500     299.50
      14.550     301.36
      14.600     297.68
      14.650     299.43
      14.700     298.20
      14.750     301.70
      14.800     297.43
      14.850     299.16
      14.900     300.35
      14.950     299.64
      15.000     300.21
      15.050     297.82
      15.100     300.44
      15.150     300.42
      15.200     300.00
      15.250     299.82
      15.300     302.93
      15.350     301.92
      15.400     299.30
      15.450     297.61
      15.500     301.31
      15.550     301.70
      15.600     297.90
      15.650     299.98
      15.700     300.19
      15.750     299.72
      15.800     302.15
      15.850     299.28
      15.900     294.44
      15.950     299.53
      16.000     296.44
      16.050     299.68
      16.100     297.76
      16.150     299.18
      16.200     298.12
      16.250     300.95
      16.300     300.77
      16.350     299.74
      16.400     299.52
      16.450     298.88
      16.500     300.77
      16.550     303.65
      16.600     298.12
      16.650     302.03
      16.700     298.37
      16.750     299.63
      16.800     299.79
      16.850     298.09
      16.900     299.36
      16.950     298.66
      17.000     301.31
      17.050     302.78
      17.100     298.09
      17.150     299.68
      17.200     299.47
      17.250     295.06
      17.300     296.35
      17.350     299.69
      17.400     301.04
      17.450     302.77
      17.500     303.05
      17.550     301.82
      17.600     298.13
      17.650     300.94
      17.700     304.10
      17.750     299.68
      17.800     299.75
      17.850     297.77
      17.900     299.89
      17.950     302.54
      18.000     300.04
      18.050     297.59
      18.100     299.49
      18.150     300.36
      18.200     303.21
      18.250     303.94
      18.300     300.37
      18.350     300.57
      18.400     299.89
      18.450     301.49
      18.500     301.20
      18.550     298.41
      18.600     298.63
      18.650     296.57
      18.700     299.72
      18.750     297.04
      18.800     298.96
      18.850     302.22
      18.900     299.68
      18.950     304.96
      19.000     305.18
      19.050     303.36
      19.100     300.75
      19.150     299.23
      19.200     303.37
      19.250     303.15
      19.300     302.38
      19.350     298.35
      19.400     301.42
      19.450     302.52
      19.500     300.07
      19.550     299.25
      19.600     297.97
      19.650     296.77
      19.700     300.88
      19.750     298.40
      19.800     297.56
      19.850     302.03
      19.900     298.81
      19.950     300.29
      20.000     298.98
