      10.050      159391.7780
      10.100      158850.5675
      10.150      158850.5675
      10.200      158850.5675
      10.250      158850.5675
      10.300      158850.5675
      10.350      158850.5675
      10.400      158569.5381
      10.450      158569.5381
      10.500      158549.5832
      10.550      158549.5832
      10.600      158549.5832
      10.650      158549.5832
      10.700      158549.5832
      10.750      158549.5832
      10.800      158549.5832
      10.850      158549.5832
      10.900      158549.5832
      10.950      158549.5832
      11.000      158549.5832
      11.050      158549.5832
      11.100      158549.5832
      11.150      158549.5832
      11.200      158549.5832
      11.250      158549.5832
      11.300      158549.5832
      11.350      158549.5832
      11.400      158549.5832
      11.450      158549.5832
      11.500      158112.7826
      11.550      158112.7826
      11.600      158112.7826
      11.650      158112.7826
      11.700      158248.5249
      11.750      158248.5249
      11.800      158060.3969
      11.850      158060.3969
      11.900      157395.5447
      11.950      157395.5447
      12.000      157395.5447
      12.050      157395.5447
      12.100      157395.5447
      12.150      157395.5447
      12.200      157395.5447
      12.250      157395.5447
      12.300      157395.5447
      12.350      157395.5447
      12.400      157395.5447
      12.450      157395.5447
      12.500      157550.4817
      12.550      157550.4817
      12.600      157550.4817
      12.650      157550.4817
      12.700      157550.4817
      12.750      157550.4817
      12.800      156920.6350
      12.850      156920.6350
      12.900      157083.4291
      12.950      157083.4291
      13.000      157083.4291
      13.050      157083.4291
      13.100      157083.4291
      13.150      157083.4291
      13.200      157083.4291
      13.250      157083.4291
      13.300      157083.4291
      13.350      157083.4291
      13.400      157083.4291
      13.450      157083.4291
      13.500      157083.4291
      13.550      157083.4291
      13.600      157083.4291
      13.650      157083.4291
      13.700      157083.4291
      13.750      157083.4291
      13.800      157083.4291
      13.850      157083.4291
      13.900      157083.4291
      13.950      157083.4291
      14.000      157067.6764
      14.050      157067.6764
      14.100      157067.6764
      14.150      157067.6764
      14.200      157067.6764
      14.250      157067.6764
      14.300      157067.6764
      14.350      157067.6764
      14.400      157067.6764
      14.450      157067.6764
      14.500      157067.6764
      14.550      157067.6764
      14.600      157067.6764
      14.650      157067.6764
      14.700      157067.6764
      14.750      157067.6764
      14.800      157067.6764
      14.850      157067.6764
      14.900      157067.6764
      14.950      157067.6764
      15.000      157067.6764
      15.050      157067.6764
      15.100      157143.8782
      15.150      157143.8782
      15.200      157143.8782
      15.250      157143.8782
      15.300      157034.5932
      15.350      157034.5932
      15.400      157034.5932
      15.450      157034.5932
      15.500      156943.6757
      15.550      156943.6757
      15.600      156943.6757
      15.650      156943.6757
      15.700      156943.6757
      15.750      156943.6757
      15.800      157333.2540
      15.850      157333.2540
      15.900      157333.2540
      15.950      157333.2540
      16.000      157333.2540
      16.050      157333.2540
      16.100      157333.2540
      16.150      157333.2540
      16.200      157333.2540
      16.250      157333.2540
      16.300      157333.2540
      16.350      157333.2540
      16.400      157333.2540
      16.450      157333.2540
      16.500      157333.2540
      16.550      157333.2540
      16.600      157333.2540
      16.650      157333.2540
      16.700      157265.9668
      16.750      157265.9668
      16.800      157135.8773
      16.850      157135.8773
      16.900      157064.2389
      16.950      157064.2389
      17.000      157064.2389
      17.050      157064.2389
      17.100      157064.2389
      17.150      157064.2389
      17.200      156914.5824
      17.250      156914.5824
      17.300      156914.5824
      17.350      156914.5824
      17.400      156914.5824
      17.450      156914.5824
      17.500      156914.5824
      17.550      156914.5824
      17.600      156914.5824
      17.650      156914.5824
      17.700      156292.6763
      17.750      156292.6763
      17.800      156292.6763
      17.850      156292.6763
      17.900      156292.6763
      17.950      156292.6763
      18.000      156292.6763
      18.050      156292.6763
      18.100      156292.6763
      18.150      156292.6763
      18.200      156663.1431
      18.250      156663.1431
      18.300      156663.1431
      18.350      156663.1431
      18.400      156663.1431
      18.450      156663.1431
      18.500      156901.8182
      18.550      156901.8182
      18.600      156901.8182
      18.650      156901.8182
      18.700      156901.8182
      18.750      156901.8182
      18.800      156901.8182
      18.850      156901.8182
      18.900      156901.8182
      18.950      156901.8182
      19.000      156901.8182
      19.050      156901.8182
      19.100      156901.8182
      19.150      156901.8182
      19.200      156593.3017
      19.250      156593.3017
      19.300      156593.3017
      19.350      156593.3017
      19.400      156593.3017
      19.450      156593.3017
      19.500      156593.3017
      19.550      156593.3017
      19.600      156593.3017
      19.650      156593.3017
      19.700      156805.0902
      19.750      156805.0902
      19.800      156805.0902
      19.850      156805.0902
      19.900      156805.0902
      19.950      156805.0902
      20.000      156247.8284
