      20.100           1.0195
      20.200           1.0195
      20.300           1.0195
      20.400           1.0200
      20.500           1.0200
      20.600           1.0200
      20.700           1.0200
      20.800           1.0200
      20.900           1.0200
      21.000           1.0200
      21.100           1.0200
      21.200           1.0200
      21.300           1.0200
      21.400           1.0200
      21.500           1.0200
      21.600           1.0210
      21.700           1.0210
      21.800           1.0210
      21.900           1.0210
      22.000           1.0210
      22.100           1.0210
      22.200           1.0210
      22.300           1.0210
      22.400           1.0210
      22.500           1.0210
      22.600           1.0210
      22.700           1.0210
      22.800           1.0207
      22.900           1.0207
      23.000           1.0207
      23.100           1.0207
      23.200           1.0207
      23.300           1.0207
      23.400           1.0207
      23.500           1.0207
      23.600           1.0219
      23.700           1.0219
      23.800           1.0219
      23.900           1.0219
      24.000           1.0219
      24.100           1.0219
      24.200           1.0219
      24.300           1.0219
      24.400           1.0219
      24.500           1.0219
      24.600           1.0196
      24.700           1.0196
      24.800           1.0196
      24.900           1.0196
      25.000           1.0196
      25.100           1.0196
      25.200           1.0196
      25.300           1.0196
      25.400           1.0196
      25.500           1.0196
      25.600           1.0196
      25.700           1.0196
      25.800           1.0174
      25.900           1.0174
      26.000           1.0174
      26.100           1.0174
      26.200           1.0174
      26.300           1.0174
      26.400           1.0174
      26.500           1.0174
      26.600           1.0174
      26.700           1.0174
      26.800           1.0175
      26.900           1.0175
      27.000           1.0166
      27.100           1.0166
      27.200           1.0166
      27.300           1.0166
      27.400           1.0166
      27.500           1.0166
      27.600           1.0185
      27.700           1.0185
      27.800           1.0185
      27.900           1.0185
      28.000           1.0185
      28.100           1.0185
      28.200           1.0185
      28.300           1.0185
      28.400           1.0198
      28.500           1.0198
      28.600           1.0198
      28.700           1.0198
      28.800           1.0198
      28.900           1.0198
      29.000           1.0229
      29.100           1.0229
      29.200           1.0229
      29.300           1.0229
      29.400           1.0229
      29.500           1.0229
      29.600           1.0229
      29.700           1.0229
      29.800           1.0229
      29.900           1.0229
      30.000           1.0229
