      20.100        9601.8271
      20.200        9634.9326
      20.300        9599.6221
      20.400        9623.3350
      20.500        9691.6396
      20.600        9621.3818
      20.700        9616.6348
      20.800        9700.0586
      20.900        9547.3193
      21.000        9561.5205
      21.100        9818.3027
      21.200        9666.8428
      21.300        9659.8125
      21.400        9681.7461
      21.500        9603.0488
      21.600        9559.4863
      21.700        9716.0869
      21.800        9582.1973
      21.900        9699.5977
      22.000        9630.3740
      22.100        9645.3184
      22.200        9750.1348
      22.300        9729.3682
      22.400        9581.7773
      22.500        9699.5879
      22.600        9781.9824
      22.700        9617.3398
      22.800        9651.4775
      22.900        9673.9658
      23.000        9756.7041
      23.100        9556.6318
      23.200        9558.3643
      23.300        9513.6553
      23.400        9585.0459
      23.500        9657.3887
      23.600        9759.8711
      23.700        9583.2412
      23.800        9583.3184
      23.900        9651.1836
      24.000        9708.3418
      24.100        9675.3027
      24.200        9640.8154
      24.300        9639.7939
      24.400        9552.1689
      24.500        9671.4980
      24.600        9572.6523
      24.700        9634.9248
      24.800        9602.9688
      24.900        9585.6699
      25.000        9562.8066
      25.100        9551.9990
      25.200        9551.4912
      25.300        9660.9150
      25.400        9604.9385
      25.500        9584.5635
      25.600        9623.8662
      25.700        9544.3145
      25.800        9572.2510
      25.900        9534.8555
      26.000        9561.0996
      26.100        9530.2764
      26.200        9717.8955
      26.300        9727.9648
      26.400        9620.2510
      26.500        9625.1523
      26.600        9598.8799
      26.700        9677.0918
      26.800        9606.4766
      26.900        9522.3662
      27.000        9592.3887
      27.100        9757.1553
      27.200        9739.6064
      27.300        9668.1387
      27.400        9629.0996
      27.500        9813.7783
      27.600        9666.2539
      27.700        9661.9375
      27.800        9599.6592
      27.900        9823.8838
      28.000        9765.4971
      28.100        9561.5791
      28.200        9721.9082
      28.300        9652.2441
      28.400        9530.6836
      28.500        9691.0537
      28.600        9569.0615
      28.700        9600.1523
      28.800        9641.0771
      28.900        9534.7012
      29.000        9593.4395
      29.100        9736.3965
      29.200        9647.2500
      29.300        9678.5967
      29.400        9750.2510
      29.500        9742.8174
      29.600        9662.2734
      29.700        9708.6885
      29.800        9733.1943
      29.900        9670.3613
      30.000        9536.6436
