      20.100      -47111.0676
      20.200      -47110.9709
      20.300      -47071.7560
      20.400      -47167.4120
      20.500      -47199.2281
      20.600      -47162.4571
      20.700      -47177.0017
      20.800      -47126.9609
      20.900      -46911.1250
      21.000      -46939.9049
      21.100      -47005.4719
      21.200      -47043.8671
      21.300      -47017.4258
      21.400      -47056.0684
      21.500      -46996.8546
      21.600      -46957.0701
      21.700      -47042.4116
      21.800      -47058.4401
      21.900      -47136.2068
      22.000      -47046.3378
      22.100      -47085.6059
      22.200      -47154.9403
      22.300      -47118.0236
      22.400      -47043.9742
      22.500      -47046.6352
      22.600      -47023.3997
      22.700      -47079.5712
      22.800      -47058.8149
      22.900      -47002.6333
      23.000      -47168.2381
      23.100      -47159.1166
      23.200      -47085.8314
      23.300      -47062.5149
      23.400      -47091.0473
      23.500      -47054.7709
      23.600      -46948.4300
      23.700      -47012.2863
      23.800      -47049.2407
      23.900      -47047.4797
      24.000      -47037.9313
      24.100      -47090.9147
      24.200      -47146.4578
      24.300      -47013.9798
      24.400      -46936.0590
      24.500      -47182.6024
      24.600      -47049.8711
      24.700      -47082.1345
      24.800      -47037.7982
      24.900      -47028.1610
      25.000      -47016.4493
      25.100      -47169.9364
      25.200      -47147.9471
      25.300      -47228.0247
      25.400      -47166.2791
      25.500      -46998.5467
      25.600      -47084.4848
      25.700      -47125.1744
      25.800      -47327.7721
      25.900      -47168.0937
      26.000      -47167.3813
      26.100      -47130.2067
      26.200      -47220.6366
      26.300      -47122.2029
      26.400      -47079.4784
      26.500      -47068.6603
      26.600      -47097.5598
      26.700      -47135.3543
      26.800      -47060.0480
      26.900      -47012.5749
      27.000      -47026.7909
      27.100      -47084.2651
      27.200      -47070.2357
      27.300      -46945.9074
      27.400      -46928.8046
      27.500      -47000.2450
      27.600      -46997.2740
      27.700      -46956.5098
      27.800      -46908.8425
      27.900      -47048.6239
      28.000      -46976.6012
      28.100      -46910.6887
      28.200      -47066.3986
      28.300      -47033.1807
      28.400      -47028.3458
      28.500      -47065.3896
      28.600      -46938.0029
      28.700      -47094.4582
      28.800      -46968.5414
      28.900      -46993.5317
      29.000      -46884.3928
      29.100      -47042.1764
      29.200      -46930.6098
      29.300      -46948.9510
      29.400      -47000.9243
      29.500      -47012.0928
      29.600      -46979.2736
      29.700      -47035.5208
      29.800      -47021.2485
      29.900      -47003.3828
      30.000      -47003.1656
