      20.100      -37509.2404
      20.200      -37476.0383
      20.300      -37472.1339
      20.400      -37544.0770
      20.500      -37507.5885
      20.600      -37541.0753
      20.700      -37560.3669
      20.800      -37426.9023
      20.900      -37363.8056
      21.000      -37378.3844
      21.100      -37187.1691
      21.200      -37377.0243
      21.300      -37357.6133
      21.400      -37374.3223
      21.500      -37393.8057
      21.600      -37397.5838
      21.700      -37326.3247
      21.800      -37476.2428
      21.900      -37436.6092
      22.000      -37415.9637
      22.100      -37440.2875
      22.200      -37404.8056
      22.300      -37388.6554
      22.400      -37462.1969
      22.500      -37347.0473
      22.600      -37241.4173
      22.700      -37462.2314
      22.800      -37407.3374
      22.900      -37328.6674
      23.000      -37411.5340
      23.100      -37602.4847
      23.200      -37527.4671
      23.300      -37548.8597
      23.400      -37506.0014
      23.500      -37397.3823
      23.600      -37188.5589
      23.700      -37429.0451
      23.800      -37465.9224
      23.900      -37396.2961
      24.000      -37329.5895
      24.100      -37415.6120
      24.200      -37505.6424
      24.300      -37374.1858
      24.400      -37383.8900
      24.500      -37511.1043
      24.600      -37477.2187
      24.700      -37447.2097
      24.800      -37434.8295
      24.900      -37442.4910
      25.000      -37453.6427
      25.100      -37617.9374
      25.200      -37596.4559
      25.300      -37567.1096
      25.400      -37561.3406
      25.500      -37413.9832
      25.600      -37460.6186
      25.700      -37580.8600
      25.800      -37755.5211
      25.900      -37633.2383
      26.000      -37606.2817
      26.100      -37599.9303
      26.200      -37502.7411
      26.300      -37394.2381
      26.400      -37459.2275
      26.500      -37443.5080
      26.600      -37498.6799
      26.700      -37458.2625
      26.800      -37453.5715
      26.900      -37490.2086
      27.000      -37434.4022
      27.100      -37327.1098
      27.200      -37330.6292
      27.300      -37277.7687
      27.400      -37299.7050
      27.500      -37186.4667
      27.600      -37331.0201
      27.700      -37294.5723
      27.800      -37309.1833
      27.900      -37224.7401
      28.000      -37211.1041
      28.100      -37349.1096
      28.200      -37344.4904
      28.300      -37380.9365
      28.400      -37497.6622
      28.500      -37374.3359
      28.600      -37368.9413
      28.700      -37494.3058
      28.800      -37327.4643
      28.900      -37458.8306
      29.000      -37290.9533
      29.100      -37305.7799
      29.200      -37283.3598
      29.300      -37270.3543
      29.400      -37250.6733
      29.500      -37269.2754
      29.600      -37317.0001
      29.700      -37326.8323
      29.800      -37288.0541
      29.900      -37333.0214
      30.000      -37466.5221
