      20.100     298.95
      20.200     299.98
      20.300     298.88
      20.400     299.62
      20.500     301.74
      20.600     299.55
      20.700     299.41
      20.800     302.00
      20.900     297.25
      21.000     297.69
      21.100     305.69
      21.200     300.97
      21.300     300.75
      21.400     301.43
      21.500     298.98
      21.600     297.63
      21.700     302.50
      21.800     298.33
      21.900     301.99
      22.000     299.83
      22.100     300.30
      22.200     303.56
      22.300     302.92
      22.400     298.32
      22.500     301.99
      22.600     304.55
      22.700     299.43
      22.800     300.49
      22.900     301.19
      23.000     303.77
      23.100     297.54
      23.200     297.59
      23.300     296.20
      23.400     298.42
      23.500     300.68
      23.600     303.87
      23.700     298.37
      23.800     298.37
      23.900     300.48
      24.000     302.26
      24.100     301.23
      24.200     300.16
      24.300     300.13
      24.400     297.40
      24.500     301.11
      24.600     298.04
      24.700     299.98
      24.800     298.98
      24.900     298.44
      25.000     297.73
      25.100     297.39
      25.200     297.38
      25.300     300.79
      25.400     299.04
      25.500     298.41
      25.600     299.63
      25.700     297.15
      25.800     298.02
      25.900     296.86
      26.000     297.68
      26.100     296.72
      26.200     302.56
      26.300     302.87
      26.400     299.52
      26.500     299.67
      26.600     298.85
      26.700     301.29
      26.800     299.09
      26.900     296.47
      27.000     298.65
      27.100     303.78
      27.200     303.24
      27.300     301.01
      27.400     299.79
      27.500     305.54
      27.600     300.95
      27.700     300.82
      27.800     298.88
      27.900     305.86
      28.000     304.04
      28.100     297.69
      28.200     302.68
      28.300     300.52
      28.400     296.73
      28.500     301.72
      28.600     297.93
      28.700     298.89
      28.800     300.17
      28.900     296.86
      29.000     298.68
      29.100     303.14
      29.200     300.36
      29.300     301.34
      29.400     303.57
      29.500     303.34
      29.600     300.83
      29.700     302.27
      29.800     303.04
      29.900     301.08
      30.000     296.92
