      20.100      156247.8287
      20.200      156247.8287
      20.300      156247.8287
      20.400      156176.1877
      20.500      156176.1877
      20.600      156176.1877
      20.700      156176.1877
      20.800      156176.1877
      20.900      156176.1877
      21.000      156176.1877
      21.100      156176.1877
      21.200      156176.1877
      21.300      156176.1877
      21.400      156176.1877
      21.500      156176.1877
      21.600      156021.4192
      21.700      156021.4192
      21.800      156021.4192
      21.900      156021.4192
      22.000      156021.4192
      22.100      156021.4192
      22.200      156021.4192
      22.300      156021.4192
      22.400      156021.4192
      22.500      156021.4192
      22.600      156021.4192
      22.700      156021.4192
      22.800      156056.0553
      22.900      156056.0553
      23.000      156056.0553
      23.100      156056.0553
      23.200      156056.0553
      23.300      156056.0553
      23.400      156056.0553
      23.500      156056.0553
      23.600      155881.7314
      23.700      155881.7314
      23.800      155881.7314
      23.900      155881.7314
      24.000      155881.7314
      24.100      155881.7314
      24.200      155881.7314
      24.300      155881.7314
      24.400      155881.7314
      24.500      155881.7314
      24.600      156238.9516
      24.700      156238.9516
      24.800      156238.9516
      24.900      156238.9516
      25.000      156238.9516
      25.100      156238.9516
      25.200      156238.9516
      25.300      156238.9516
      25.400      156238.9516
      25.500      156238.9516
      25.600      156238.9516
      25.700      156238.9516
      25.800      156569.0519
      25.900      156569.0519
      26.000      156569.0519
      26.100      156569.0519
      26.200      156569.0519
      26.300      156569.0519
      26.400      156569.0519
      26.500      156569.0519
      26.600      156569.0519
      26.700      156569.0519
      26.800      156551.6626
      26.900      156551.6626
      27.000      156687.5574
      27.100      156687.5574
      27.200      156687.5574
      27.300      156687.5574
      27.400      156687.5574
      27.500      156687.5574
      27.600      156394.3632
      27.700      156394.3632
      27.800      156394.3632
      27.900      156394.3632
      28.000      156394.3632
      28.100      156394.3632
      28.200      156394.3632
      28.300      156394.3632
      28.400      156200.6932
      28.500      156200.6932
      28.600      156200.6932
      28.700      156200.6932
      28.800      156200.6932
      28.900      156200.6932
      29.000      155726.8655
      29.100      155726.8655
      29.200      155726.8655
      29.300      155726.8655
      29.400      155726.8655
      29.500      155726.8655
      29.600      155726.8655
      29.700      155726.8655
      29.800      155726.8655
      29.900      155726.8655
      30.000      155726.8655
