#Atom            RMSF
   5.000       3.0194
  22.000       2.4550
  36.000       1.9267
  55.000       1.9954
  74.000       1.8647
  93.000       1.5318
 112.000       1.4412
 134.000       1.4588
 148.000       1.5991
 172.000       1.5216
 191.000       1.3778
 209.000       1.5248
 223.000       1.7055
 242.000       1.5362
 259.000       1.3612
 270.000       1.2907
 286.000       1.0266
 296.000       1.0611
 318.000       1.3685
 332.000       1.3280
 351.000       1.0707
 365.000       1.2319
 372.000       1.0973
 391.000       1.2429
 407.000       1.3234
 424.000       1.3447
 441.000       1.0408
 463.000       0.9556
 473.000       1.0989
 487.000       1.0269
 503.000       1.0054
 519.000       1.1545
 538.000       1.1345
 557.000       1.3227
 564.000       1.2886
 578.000       1.4780
 597.000       1.3408
 613.000       1.8282
 629.000       1.8701
 648.000       1.2190
 664.000       1.0434
 686.000       0.9878
 708.000       0.7115
 724.000       0.6602
 741.000       0.7158
 760.000       0.6672
 781.000       0.6635
 792.000       0.7538
 811.000       0.8657
 821.000       0.9211
 840.000       0.8752
 859.000       1.2642
 881.000       1.6230
 895.000       1.3960
 915.000       1.3423
 929.000       1.2492
 948.000       1.4460
 967.000       1.9662
 983.000       2.9611
1005.000       3.2801
1019.000       2.7929
1033.000       2.4751
1049.000       1.9067
1069.000       1.3730
1099.000       1.9660
1105.000       1.9763
1122.000       1.8396
1129.000       1.8528
1148.000       2.0626
1170.000       2.2158
1180.000       1.8053
1196.000       1.4926
1213.000       1.3801
1232.000       1.6806
1251.000       1.7683
1270.000       1.5603
1289.000       1.5877
1305.000       1.4304
1324.000       1.6316
1338.000       1.4246
1349.000       1.0028
1365.000       1.1446
1387.000       1.2711
1404.000       1.1360
1423.000       1.0984
1439.000       1.2156
1450.000       1.0283
1466.000       0.9001
1476.000       1.2407
1487.000       1.4839
1501.000       1.1360
1520.000       1.6688
1531.000       1.2739
1550.000       1.6372
1569.000       1.2573
1591.000       1.1166
1597.000       0.8683
1615.000       0.7467
1634.000       0.7542
1656.000       0.6914
1666.000       0.5958
1677.000       0.6197
1699.000       0.6449
1718.000       0.6544
1734.000       0.7179
1751.000       0.8137
1761.000       0.8950
1777.000       0.9499
1788.000       1.1323
1810.000       1.2221
1831.000       1.1699
1853.000       0.9975
1867.000       1.1883
1884.000       1.1549
1906.000       1.3677
1917.000       1.6674
1933.000       2.1861
1949.000       3.3242
1969.000       5.3238
