#Atom            RMSF
  36.000       2.1060
  55.000       2.0820
  74.000       1.9005
  93.000       1.5949
 112.000       1.4553
 134.000       1.5101
 148.000       1.6652
 172.000       1.4537
 191.000       1.5763
 209.000       1.8121
 223.000       1.8535
 242.000       1.6221
 259.000       1.5449
 270.000       1.4347
 286.000       1.1303
 296.000       1.2848
 318.000       1.6914
 332.000       1.5288
 351.000       1.0588
 365.000       1.2228
 372.000       1.1104
 391.000       1.4742
 407.000       1.5611
 424.000       1.5545
 441.000       1.2195
 463.000       1.0211
 473.000       1.1984
 487.000       1.1494
 503.000       1.1485
 519.000       1.2528
 538.000       1.2931
 557.000       1.4673
 564.000       1.2124
 578.000       1.3071
 597.000       1.3840
 613.000       2.1771
 629.000       2.1118
 648.000       1.3102
 664.000       1.0835
 686.000       0.9627
 708.000       0.6812
 724.000       0.6306
 741.000       0.7270
 760.000       0.6709
 781.000       0.6352
 792.000       0.7617
 811.000       0.9156
 821.000       0.8828
 840.000       0.7785
 859.000       1.1859
 881.000       1.5672
 895.000       1.3560
 915.000       1.2790
 929.000       1.3183
 948.000       1.3072
 967.000       1.7662
 983.000       2.7132
1005.000       3.0110
1019.000       2.2320
1033.000       2.0574
1049.000       1.6186
1069.000       1.1543
1099.000       1.5290
1105.000       1.5924
1122.000       1.5314
1129.000       1.5397
1148.000       1.8983
1170.000       2.0622
1180.000       1.6535
1196.000       1.4825
1213.000       1.4124
1232.000       1.7134
1251.000       1.7479
1270.000       1.5346
1289.000       1.5461
1305.000       1.3970
1324.000       1.5321
1338.000       1.2978
1349.000       0.9647
1365.000       1.1141
1387.000       1.1519
1404.000       1.0178
1423.000       1.0618
1439.000       1.1862
1450.000       1.0025
1466.000       0.8617
1476.000       1.1850
1487.000       1.4212
1501.000       1.1110
1520.000       1.6503
1531.000       1.1553
1550.000       1.4619
1569.000       1.1265
1591.000       1.0118
1597.000       0.8361
1615.000       0.7170
1634.000       0.6837
1656.000       0.6595
1666.000       0.5907
1677.000       0.5975
1699.000       0.6016
1718.000       0.6178
1734.000       0.6784
1751.000       0.7508
1761.000       0.7996
1777.000       0.8545
1788.000       0.9766
1810.000       1.0274
1831.000       1.0327
1853.000       0.9028
1867.000       1.1332
1884.000       1.1868
1906.000       1.5840
