#Atom            RMSF
   5.000       2.9002
  22.000       2.1491
  36.000       1.5170
  55.000       1.8170
  74.000       1.8402
  93.000       1.4308
 112.000       1.2524
 134.000       1.4121
 148.000       1.4374
 172.000       1.1760
 191.000       1.2635
 209.000       1.3437
 223.000       1.3741
 242.000       1.5007
 259.000       1.5815
 270.000       1.3861
 286.000       1.0678
 296.000       1.1649
 318.000       1.3471
 332.000       1.2765
 351.000       1.0832
 365.000       1.2992
 372.000       1.0254
 391.000       1.1612
 407.000       1.2256
 424.000       1.2382
 441.000       0.9601
 463.000       0.8728
 473.000       1.0620
 487.000       0.9483
 503.000       0.7876
 519.000       0.9390
 538.000       1.0051
 557.000       0.9813
 564.000       0.9837
 578.000       1.0124
 597.000       1.0703
 613.000       1.2572
 629.000       1.3507
 648.000       1.0151
 664.000       0.9475
 686.000       0.8226
 708.000       0.6337
 724.000       0.6944
 741.000       0.7456
 760.000       0.6874
 781.000       0.7182
 792.000       0.8910
 811.000       0.9525
 821.000       1.0728
 840.000       1.2378
 859.000       1.4118
 881.000       1.4517
 895.000       1.2230
 915.000       1.0884
 929.000       0.9663
 948.000       0.9745
 967.000       1.6036
 983.000       2.3030
1005.000       2.2786
1019.000       1.8133
1033.000       1.7595
1049.000       1.3580
1069.000       0.9669
1099.000       1.5014
1105.000       1.7481
1122.000       1.7477
1129.000       1.5263
1148.000       1.2578
1170.000       1.7181
1180.000       1.6060
1196.000       1.0485
1213.000       1.0986
1232.000       1.3330
1251.000       1.0911
1270.000       0.9823
1289.000       1.1642
1305.000       1.1798
1324.000       1.2417
1338.000       0.9729
1349.000       0.7866
1365.000       0.9892
1387.000       0.9596
1404.000       0.7782
1423.000       0.9647
1439.000       1.1594
1450.000       0.9845
1466.000       0.9336
1476.000       1.2841
1487.000       1.9768
1501.000       1.6873
1520.000       2.0092
1531.000       1.5393
1550.000       1.9672
1569.000       1.5456
1591.000       1.5066
1597.000       1.2224
1615.000       0.8849
1634.000       0.8975
1656.000       0.8313
1666.000       0.6291
1677.000       0.6237
1699.000       0.7076
1718.000       0.7057
1734.000       0.6851
1751.000       0.8170
1761.000       0.9215
1777.000       0.9032
1788.000       0.9863
1810.000       1.0275
1831.000       0.9602
1853.000       0.8132
1867.000       1.0675
1884.000       1.0188
1906.000       1.1320
1917.000       1.3118
1933.000       1.7517
1949.000       2.6770
1969.000       4.0125
