#Atom            RMSF
   5.000       3.6110
  22.000       3.0932
  36.000       2.5431
  55.000       2.5805
  74.000       2.2678
  93.000       1.8517
 112.000       1.7159
 134.000       1.7566
 148.000       1.9166
 172.000       1.5386
 191.000       1.7056
 209.000       2.0384
 223.000       2.0673
 242.000       1.6873
 259.000       1.5964
 270.000       1.4838
 286.000       1.0353
 296.000       1.3271
 318.000       1.8052
 332.000       1.4996
 351.000       1.0017
 365.000       1.3857
 372.000       1.3048
 391.000       2.0654
 407.000       2.0346
 424.000       1.9732
 441.000       1.5722
 463.000       1.0073
 473.000       1.1760
 487.000       1.2077
 503.000       1.3581
 519.000       1.4637
 538.000       1.5106
 557.000       1.7004
 564.000       1.2710
 578.000       1.2950
 597.000       1.5783
 613.000       2.2822
 629.000       2.1663
 648.000       1.4728
 664.000       1.1911
 686.000       1.1879
 708.000       0.7227
 724.000       0.6177
 741.000       0.6729
 760.000       0.6485
 781.000       0.6567
 792.000       0.7276
 811.000       0.8443
 821.000       0.8633
 840.000       0.7954
 859.000       1.1038
 881.000       1.4964
 895.000       1.4401
 915.000       1.3635
 929.000       1.3229
 948.000       1.2078
 967.000       1.7582
 983.000       2.6501
1005.000       3.0025
1019.000       2.2677
1033.000       2.2372
1049.000       1.6901
1069.000       1.1528
1099.000       1.4775
1105.000       1.6137
1122.000       1.4651
1129.000       1.4795
1148.000       2.2918
1170.000       2.3849
1180.000       1.7182
1196.000       1.6767
1213.000       1.5626
1232.000       1.7291
1251.000       1.8630
1270.000       1.7441
1289.000       1.7263
1305.000       1.4990
1324.000       1.6657
1338.000       1.4799
1349.000       1.0977
1365.000       1.2217
1387.000       1.2870
1404.000       1.1379
1423.000       1.1201
1439.000       1.2597
1450.000       1.0879
1466.000       0.9050
1476.000       1.2458
1487.000       1.4645
1501.000       1.1488
1520.000       1.6973
1531.000       1.1630
1550.000       1.4828
1569.000       1.1568
1591.000       1.0177
1597.000       0.8966
1615.000       0.7496
1634.000       0.6809
1656.000       0.6751
1666.000       0.5878
1677.000       0.5942
1699.000       0.6058
1718.000       0.6048
1734.000       0.6720
1751.000       0.7698
1761.000       0.7886
1777.000       0.8244
1788.000       0.9862
1810.000       1.0536
1831.000       1.0384
1853.000       0.9280
1867.000       1.1659
1884.000       1.3661
1906.000       1.8873
1917.000       1.8651
1933.000       3.3521
1949.000       4.6870
1969.000       6.0711
