#Atom            RMSF
  36.000       1.6706
  55.000       1.7989
  74.000       1.6211
  93.000       1.1587
 112.000       1.2990
 134.000       1.5460
 148.000       1.3188
 172.000       1.1204
 191.000       1.5506
 209.000       1.5295
 223.000       1.1386
 242.000       1.2931
 259.000       1.3603
 270.000       1.1097
 286.000       0.8592
 296.000       1.0631
 318.000       1.3768
 332.000       1.2520
 351.000       0.8859
 365.000       1.1200
 372.000       0.9169
 391.000       1.0624
 407.000       1.1293
 424.000       1.1169
 441.000       0.8483
 463.000       0.7575
 473.000       0.8293
 487.000       0.8453
 503.000       0.7124
 519.000       0.6555
 538.000       0.7578
 557.000       0.8674
 564.000       0.8094
 578.000       0.7999
 597.000       0.8197
 613.000       0.9899
 629.000       0.9151
 648.000       0.6778
 664.000       0.6702
 686.000       0.6251
 708.000       0.4982
 724.000       0.4883
 741.000       0.5840
 760.000       0.5462
 781.000       0.5382
 792.000       0.6338
 811.000       0.7192
 821.000       0.7180
 840.000       0.7346
 859.000       0.8873
 881.000       1.1558
 895.000       0.9987
 915.000       1.0135
 929.000       0.8860
 948.000       0.9662
 967.000       1.3604
 983.000       2.0598
1005.000       2.2549
1019.000       1.8925
1033.000       1.5841
1049.000       1.2341
1069.000       0.9558
1099.000       1.2618
1105.000       1.2446
1122.000       1.4301
1129.000       1.3264
1148.000       1.0445
1170.000       1.5192
1180.000       1.4259
1196.000       0.9907
1213.000       1.1680
1232.000       1.4207
1251.000       1.1872
1270.000       1.0376
1289.000       1.2280
1305.000       1.2539
1324.000       1.2490
1338.000       0.9544
1349.000       0.7534
1365.000       0.9278
1387.000       0.8972
1404.000       0.7313
1423.000       0.8825
1439.000       1.0734
1450.000       0.8691
1466.000       0.7815
1476.000       1.1742
1487.000       1.5268
1501.000       1.2921
1520.000       1.6702
1531.000       1.2064
1550.000       1.4797
1569.000       1.1430
1591.000       1.0466
1597.000       0.8618
1615.000       0.7260
1634.000       0.7007
1656.000       0.6225
1666.000       0.4935
1677.000       0.5300
1699.000       0.5317
1718.000       0.4884
1734.000       0.5461
1751.000       0.6453
1761.000       0.6187
1777.000       0.6242
1788.000       0.7792
1810.000       0.7635
1831.000       0.7371
1853.000       0.6697
1867.000       0.7126
1884.000       0.7432
1906.000       1.0168
