Run semi-empirical minimization
 &qmmm
    qm_theory='AM1', grms_tol=0.0005,
 scfconv=1.d-10, ndiis_attempts=700,   qmcharge=0,
 /
   6    C1       30.6270       27.6720       32.1000 
   7    N1       30.5090       32.1840       35.7570 
   6    C2       30.2300       29.6150       30.9390 
   6    C3       30.6840       28.9930       32.0470 
   6    C4       30.8130       29.8060       33.3460 
   6    C5       32.0310       29.8300       34.0700 
   6    C6       32.2080       28.5520       34.8220 
   6    C7       32.1150       28.6500       36.3870 
   6    C8       31.6150       29.8080       37.1420 
   6    C9       32.4810       27.3390       37.2810 
   6   C10       31.1110       30.9710       36.4680 
   1   H9B       31.8110       26.5200       37.0180 
   1   H9A       33.5110       27.0420       37.0860 
   1    H9       32.3660       27.5760       38.3390 
   1    H8       31.6270       29.7830       38.2320 
   1   H6A       31.4540       27.8440       34.4780 
   1    H6       33.1800       28.1330       34.5620 
   1   H5A       32.8670       29.9770       33.3860 
   1    H5       32.0350       30.6720       34.7630 
   1    H4       29.9570       30.3710       33.7150 
   1   H2B       30.8000       29.2780       30.0730 
   1   H2A       29.1760       29.3770       30.7940 
   1    H2       30.3460       30.6930       31.0530 
   1   H1A       31.2140       27.2490       31.2850 
   1   H15       29.5900       27.3480       32.0060 
   1    H1       31.0290       27.3280       33.0530 

