#Atom            RMSF
  36.000       1.4843
  55.000       1.5806
  74.000       1.6043
  93.000       1.2583
 112.000       1.0719
 134.000       1.2098
 148.000       1.2136
 172.000       1.0092
 191.000       1.1040
 209.000       1.2948
 223.000       1.2590
 242.000       1.3542
 259.000       1.3978
 270.000       1.2093
 286.000       0.9393
 296.000       1.0935
 318.000       1.3772
 332.000       1.2937
 351.000       0.9256
 365.000       1.2101
 372.000       0.9681
 391.000       1.1035
 407.000       1.1682
 424.000       1.1237
 441.000       0.8679
 463.000       0.7839
 473.000       0.8485
 487.000       0.8445
 503.000       0.7010
 519.000       0.7093
 538.000       0.9440
 557.000       1.7136
 564.000       0.9845
 578.000       1.0131
 597.000       1.1218
 613.000       1.1185
 629.000       1.1219
 648.000       0.8178
 664.000       0.7578
 686.000       0.6973
 708.000       0.5573
 724.000       0.5521
 741.000       0.6646
 760.000       0.5889
 781.000       0.6179
 792.000       0.7861
 811.000       0.8674
 821.000       0.8792
 840.000       0.9252
 859.000       1.1249
 881.000       1.2697
 895.000       1.0439
 915.000       1.0885
 929.000       1.0357
 948.000       1.0249
 967.000       1.4732
 983.000       2.3017
1005.000       2.4783
1019.000       2.1513
1033.000       1.8717
1049.000       1.4424
1069.000       1.0921
1099.000       1.5949
1105.000       1.6441
1122.000       1.5307
1129.000       1.2616
1148.000       1.0470
1170.000       1.4249
1180.000       1.3475
1196.000       0.9438
1213.000       1.0530
1232.000       1.2722
1251.000       1.0571
1270.000       0.9644
1289.000       1.1430
1305.000       1.1956
1324.000       1.2282
1338.000       0.9590
1349.000       0.7910
1365.000       0.9651
1387.000       0.9452
1404.000       0.8082
1423.000       0.9606
1439.000       1.1147
1450.000       0.8706
1466.000       0.7912
1476.000       1.1877
1487.000       1.5654
1501.000       1.2408
1520.000       1.7615
1531.000       1.3312
1550.000       1.6467
1569.000       1.2734
1591.000       1.1648
1597.000       0.9280
1615.000       0.7971
1634.000       0.8063
1656.000       0.7602
1666.000       0.5905
1677.000       0.5612
1699.000       0.5850
1718.000       0.5596
1734.000       0.5746
1751.000       0.6383
1761.000       0.6664
1777.000       0.7054
1788.000       0.8571
1810.000       0.8064
1831.000       0.7499
1853.000       0.6866
1867.000       0.7091
1884.000       0.7958
1906.000       1.0621
