#Atom            RMSF
  36.000       1.7282
  55.000       2.0556
  74.000       1.7406
  93.000       1.1858
 112.000       1.3424
 134.000       1.3720
 148.000       1.2561
 172.000       1.0621
 191.000       1.1875
 209.000       1.2540
 223.000       1.2846
 242.000       1.3743
 259.000       1.4466
 270.000       1.2922
 286.000       0.9417
 296.000       1.0652
 318.000       1.3181
 332.000       1.2372
 351.000       0.9257
 365.000       1.1620
 372.000       0.9195
 391.000       1.0419
 407.000       1.1975
 424.000       1.2004
 441.000       0.9084
 463.000       0.8434
 473.000       1.0288
 487.000       0.9562
 503.000       0.7822
 519.000       0.8900
 538.000       0.9956
 557.000       1.0495
 564.000       1.0097
 578.000       0.9872
 597.000       1.0892
 613.000       1.2881
 629.000       1.2387
 648.000       0.8898
 664.000       0.7768
 686.000       0.6996
 708.000       0.5767
 724.000       0.5618
 741.000       0.6642
 760.000       0.5998
 781.000       0.6049
 792.000       0.7192
 811.000       0.8111
 821.000       0.8521
 840.000       0.8980
 859.000       1.1349
 881.000       1.1556
 895.000       1.0432
 915.000       1.1365
 929.000       0.9512
 948.000       0.9294
 967.000       1.2523
 983.000       1.8499
1005.000       1.9337
1019.000       1.6238
1033.000       1.4293
1049.000       1.1260
1069.000       0.8722
1099.000       1.2647
1105.000       1.4061
1122.000       1.5142
1129.000       1.3938
1148.000       1.1433
1170.000       1.6888
1180.000       1.5178
1196.000       1.0504
1213.000       1.1233
1232.000       1.3368
1251.000       1.0985
1270.000       0.9762
1289.000       1.2061
1305.000       1.2542
1324.000       1.2456
1338.000       0.9352
1349.000       0.7298
1365.000       0.8836
1387.000       0.8679
1404.000       0.7388
1423.000       0.8735
1439.000       1.0254
1450.000       0.9061
1466.000       0.7758
1476.000       1.0923
1487.000       1.4439
1501.000       1.1475
1520.000       1.6210
1531.000       1.1868
1550.000       1.5294
1569.000       1.1942
1591.000       1.0925
1597.000       0.8904
1615.000       0.7399
1634.000       0.7298
1656.000       0.6857
1666.000       0.5632
1677.000       0.5624
1699.000       0.5742
1718.000       0.5916
1734.000       0.6310
1751.000       0.6770
1761.000       0.7591
1777.000       0.8039
1788.000       0.9011
1810.000       0.9993
1831.000       0.9308
1853.000       0.8023
1867.000       0.9511
1884.000       0.8793
1906.000       1.0842
