#Frame           RMSD
       1       0.0000
       2       0.5197
       3       0.6141
       4       0.6334
       5       0.5884
       6       0.6207
       7       0.6022
       8       0.6167
       9       0.6140
      10       0.6719
      11       0.6689
      12       0.7286
      13       0.6974
      14       0.6707
      15       0.6923
      16       0.6626
      17       0.6714
      18       0.8432
      19       0.8752
      20       0.7894
      21       0.8531
      22       0.9157
      23       0.8697
      24       0.9105
      25       0.8211
      26       0.7732
      27       0.7663
      28       0.7566
      29       0.7782
      30       0.7104
      31       0.7521
      32       0.7223
      33       0.8297
      34       0.8578
      35       0.9220
      36       0.9705
      37       0.8540
      38       0.8718
      39       0.8347
      40       0.8269
      41       0.8833
      42       0.8736
      43       0.7836
      44       0.7331
      45       0.8183
      46       0.8288
      47       0.9370
      48       0.7888
      49       0.9237
      50       0.9145
      51       0.9469
      52       0.9044
      53       0.9467
      54       0.9111
      55       0.8409
      56       0.9120
      57       0.8056
      58       0.7870
      59       0.7126
      60       0.8790
      61       0.7305
      62       0.8136
      63       0.8274
      64       0.7856
      65       0.9096
      66       0.8874
      67       0.8444
      68       0.8332
      69       0.8299
      70       0.7857
      71       0.8679
      72       0.7980
      73       0.7742
      74       0.7973
      75       0.7617
      76       0.8513
      77       0.8118
      78       0.8107
      79       0.8256
      80       0.9131
      81       0.9561
      82       0.9532
      83       0.9174
      84       0.7733
      85       0.8302
      86       0.7987
      87       0.8332
      88       0.8026
      89       0.7887
      90       0.9415
      91       1.0069
      92       1.0512
      93       0.9101
      94       0.9225
      95       0.9524
      96       0.9712
      97       0.9796
      98       0.8037
      99       0.8794
     100       0.8978
     101       0.9008
     102       0.8504
     103       0.8639
     104       0.8285
     105       0.8194
     106       0.8932
     107       0.8871
     108       0.8231
     109       0.8687
     110       0.9051
     111       0.8881
     112       0.8514
     113       0.9083
     114       0.9811
     115       0.9283
     116       1.0638
     117       0.9713
     118       0.8491
     119       0.8064
     120       0.8991
     121       1.0025
     122       0.8599
     123       0.9054
     124       0.8074
     125       0.7741
     126       0.8902
     127       0.8421
     128       0.8566
     129       0.9429
     130       0.8395
     131       0.8591
     132       0.7483
     133       0.8660
     134       0.8385
     135       0.9215
     136       0.9206
     137       0.9620
     138       0.8906
     139       0.9547
     140       0.9331
     141       0.8631
     142       0.9343
     143       0.9007
     144       0.9879
     145       0.9869
     146       0.9189
     147       1.0515
     148       1.0306
     149       0.9241
     150       0.9545
     151       0.9343
     152       0.9893
     153       0.8985
     154       0.8392
     155       0.8878
     156       0.9433
     157       0.9867
     158       0.9053
     159       0.9056
     160       0.9375
     161       0.8459
     162       0.7982
     163       0.8384
     164       0.8091
     165       0.8544
     166       0.9113
     167       0.8335
     168       0.9105
     169       1.0067
     170       0.9166
     171       0.9612
     172       0.9998
     173       0.9915
     174       0.9652
     175       0.9923
     176       0.9295
     177       0.9880
     178       1.0017
     179       0.9450
     180       0.8710
     181       1.0101
     182       0.9723
     183       1.0043
     184       0.8639
     185       0.8662
     186       0.8961
     187       0.8096
     188       0.9629
     189       0.8925
     190       0.9795
     191       0.9937
     192       0.8333
     193       0.8478
     194       0.8610
     195       0.8818
     196       0.8886
     197       0.9601
     198       0.9099
     199       0.8658
     200       0.8961
     201       0.9230
     202       0.8834
     203       0.8315
     204       0.9825
     205       0.9522
     206       0.8912
     207       0.9883
     208       0.9379
     209       0.9309
     210       0.9978
     211       1.0445
     212       0.9776
     213       0.9129
     214       0.8996
     215       0.9192
     216       0.8840
     217       0.9515
     218       0.9058
     219       0.7873
     220       0.7914
     221       0.9231
     222       0.7786
     223       0.8451
     224       0.8958
     225       0.8858
     226       0.8063
     227       0.8049
     228       0.8735
     229       0.8959
     230       0.7926
     231       0.7720
     232       0.8789
     233       0.9158
     234       0.8826
     235       0.9255
     236       0.8429
     237       0.8834
     238       1.0088
     239       0.9559
     240       0.9485
     241       0.8277
     242       0.7879
     243       0.8108
     244       0.8844
     245       0.8696
     246       0.8292
     247       0.7985
     248       0.8187
     249       0.7581
     250       0.8222
     251       0.8115
     252       0.7647
     253       0.8248
     254       0.7906
     255       0.6778
     256       0.7578
     257       0.7528
     258       0.7353
     259       0.8684
     260       0.7820
     261       0.7857
     262       0.7257
     263       0.7316
     264       0.8025
     265       0.6592
     266       0.7569
     267       0.7866
     268       0.8507
     269       0.8552
     270       0.8436
     271       0.8867
     272       0.8409
     273       0.8578
     274       0.9208
     275       0.8685
     276       0.8956
     277       0.8525
     278       0.8123
     279       0.8499
     280       0.8455
     281       0.8325
     282       0.8630
     283       0.8499
     284       0.8407
     285       0.7268
     286       0.7762
     287       0.7601
     288       0.8058
     289       0.8001
     290       0.9105
     291       0.8883
     292       0.8534
     293       0.7435
     294       0.8490
     295       0.7420
     296       0.6975
     297       0.7848
     298       0.8632
     299       0.7822
     300       0.8043
     301       0.8186
     302       0.8778
     303       0.8221
     304       0.7446
     305       0.8159
     306       0.8788
     307       0.9679
     308       0.9668
     309       1.0068
     310       1.0294
     311       0.9401
     312       0.7944
     313       0.7273
     314       0.9687
     315       0.8952
     316       0.7594
     317       0.9601
     318       0.8753
     319       0.7964
     320       0.7973
     321       0.7600
     322       0.7830
     323       0.7413
     324       0.6718
     325       0.7563
     326       0.7568
     327       0.8272
     328       0.9456
     329       0.9508
     330       0.8658
     331       0.8602
     332       1.0086
     333       0.9824
     334       0.9829
     335       1.0572
     336       0.9840
     337       1.0253
     338       0.9377
     339       1.0071
     340       0.9943
     341       1.0316
     342       0.9976
     343       1.0978
     344       1.1194
     345       1.0470
     346       0.9921
     347       1.0912
     348       1.1071
     349       1.0506
     350       1.0743
     351       0.9514
     352       1.0313
     353       1.0480
     354       1.0667
     355       0.9853
     356       1.1122
     357       1.0230
     358       1.1028
     359       1.2685
     360       1.0892
     361       0.9809
     362       1.1824
     363       1.1391
     364       1.1216
     365       1.2291
     366       0.9976
     367       1.0955
     368       1.1495
     369       1.1910
     370       1.1964
     371       1.1431
     372       1.1564
     373       1.1631
     374       1.1289
     375       1.1274
     376       1.3068
     377       1.1212
     378       1.1502
     379       1.2854
     380       1.3030
     381       1.3156
     382       1.3807
     383       1.2323
     384       1.1324
     385       1.2524
     386       1.1936
     387       1.1980
     388       1.1115
     389       1.1562
     390       1.0998
     391       1.0918
     392       1.1822
     393       0.9813
     394       0.9949
     395       0.8584
     396       1.0089
     397       1.0057
     398       1.0654
     399       1.0935
     400       1.1495
     401       1.0451
     402       0.9837
     403       0.9224
     404       0.9850
     405       1.0303
     406       1.1210
     407       0.9720
     408       0.9850
     409       0.9739
     410       0.9966
     411       1.0978
     412       0.9698
     413       1.0247
     414       0.9561
     415       0.8407
     416       0.9587
     417       0.9227
     418       0.9300
     419       0.8865
     420       0.9619
     421       1.0611
     422       0.9897
     423       0.9644
     424       0.9492
     425       0.9110
     426       1.0348
     427       1.0731
     428       1.0391
     429       1.2088
     430       1.0994
     431       1.0803
     432       1.0152
     433       1.0114
     434       1.1039
     435       1.0700
     436       0.9716
     437       0.9711
     438       0.9224
     439       1.0248
     440       0.9985
     441       1.1279
     442       1.0252
     443       0.9273
     444       1.0200
     445       0.9582
     446       0.9208
     447       1.0274
     448       0.9605
     449       1.1410
     450       1.0612
     451       1.0554
     452       1.0280
     453       0.9082
     454       1.0363
     455       1.0576
     456       0.9439
     457       1.0132
     458       1.1444
     459       1.0204
     460       0.9483
     461       1.1433
     462       0.9966
     463       0.9608
     464       1.1098
     465       0.9692
     466       0.9662
     467       1.0493
     468       0.9979
     469       1.0328
     470       0.9491
     471       1.0382
     472       0.9791
     473       1.0154
     474       1.0446
     475       0.9529
     476       0.9398
     477       0.9927
     478       1.0038
     479       1.0123
     480       0.9923
     481       0.9837
     482       0.9843
     483       0.9310
     484       0.9715
     485       0.8827
     486       0.9897
     487       0.9896
     488       0.9706
     489       1.0345
     490       0.8511
     491       0.9184
     492       0.9508
     493       0.8932
     494       0.9053
     495       0.9002
     496       1.1055
     497       1.1319
