#Atom            RMSF
  36.000       1.7788
  55.000       1.9998
  74.000       1.6517
  93.000       1.1438
 112.000       1.4087
 134.000       1.4530
 148.000       1.2000
 172.000       1.0277
 191.000       1.2543
 209.000       1.3740
 223.000       1.4355
 242.000       1.4191
 259.000       1.3173
 270.000       1.2151
 286.000       0.8636
 296.000       0.9891
 318.000       1.2853
 332.000       1.2300
 351.000       0.8860
 365.000       1.0848
 372.000       0.8751
 391.000       0.9987
 407.000       1.1030
 424.000       1.0871
 441.000       0.8228
 463.000       0.7602
 473.000       0.9276
 487.000       0.8968
 503.000       0.8236
 519.000       0.8191
 538.000       0.8450
 557.000       1.2752
 564.000       1.0512
 578.000       0.9578
 597.000       0.9723
 613.000       1.5011
 629.000       1.3893
 648.000       0.9278
 664.000       0.7416
 686.000       0.6569
 708.000       0.5774
 724.000       0.5475
 741.000       0.6129
 760.000       0.5671
 781.000       0.5536
 792.000       0.6186
 811.000       0.6946
 821.000       0.7501
 840.000       0.7704
 859.000       0.8759
 881.000       1.0306
 895.000       1.0308
 915.000       1.1006
 929.000       0.9987
 948.000       0.9456
 967.000       1.3162
 983.000       1.9806
1005.000       2.1368
1019.000       1.7223
1033.000       1.6509
1049.000       1.2967
1069.000       0.9018
1099.000       1.4003
1105.000       1.5064
1122.000       1.9015
1129.000       1.7207
1148.000       1.1203
1170.000       1.8544
1180.000       1.7533
1196.000       1.0726
1213.000       1.1841
1232.000       1.3881
1251.000       1.0462
1270.000       0.9602
1289.000       1.2543
1305.000       1.3537
1324.000       1.3462
1338.000       0.9833
1349.000       0.7351
1365.000       0.8894
1387.000       0.9074
1404.000       0.7806
1423.000       0.8693
1439.000       1.0286
1450.000       0.9027
1466.000       0.7835
1476.000       1.1397
1487.000       1.4309
1501.000       1.1624
1520.000       1.5829
1531.000       1.1317
1550.000       1.4433
1569.000       1.1054
1591.000       1.0111
1597.000       0.8995
1615.000       0.6759
1634.000       0.6395
1656.000       0.6360
1666.000       0.5219
1677.000       0.5315
1699.000       0.5446
1718.000       0.5462
1734.000       0.5973
1751.000       0.6389
1761.000       0.6779
1777.000       0.7137
1788.000       0.8156
1810.000       0.8875
1831.000       0.8724
1853.000       0.7270
1867.000       0.8218
1884.000       0.7472
1906.000       1.0337
