#Atom            RMSF
   5.000       3.3227
  22.000       2.6634
  36.000       2.1080
  55.000       2.1137
  74.000       1.9769
  93.000       1.6988
 112.000       1.5744
 134.000       1.6091
 148.000       1.7807
 172.000       1.6327
 191.000       1.5406
 209.000       1.7329
 223.000       1.8489
 242.000       1.5943
 259.000       1.4472
 270.000       1.3753
 286.000       1.0562
 296.000       1.1977
 318.000       1.5609
 332.000       1.4235
 351.000       1.1173
 365.000       1.3407
 372.000       1.2076
 391.000       1.6123
 407.000       1.6492
 424.000       1.6500
 441.000       1.2909
 463.000       1.0066
 473.000       1.1970
 487.000       1.1300
 503.000       1.1603
 519.000       1.3533
 538.000       1.3331
 557.000       1.5049
 564.000       1.3269
 578.000       1.4350
 597.000       1.4407
 613.000       2.0250
 629.000       1.9947
 648.000       1.3215
 664.000       1.1204
 686.000       1.0619
 708.000       0.7448
 724.000       0.6767
 741.000       0.7416
 760.000       0.6924
 781.000       0.6904
 792.000       0.7787
 811.000       0.8868
 821.000       0.9123
 840.000       0.8659
 859.000       1.2210
 881.000       1.5949
 895.000       1.4225
 915.000       1.3402
 929.000       1.3222
 948.000       1.4634
 967.000       1.9494
 983.000       2.9271
1005.000       3.2802
1019.000       2.7351
1033.000       2.4826
1049.000       1.9150
1069.000       1.3833
1099.000       1.9414
1105.000       1.9431
1122.000       1.6918
1129.000       1.7267
1148.000       2.1694
1170.000       2.2809
1180.000       1.7609
1196.000       1.5814
1213.000       1.4640
1232.000       1.7193
1251.000       1.8830
1270.000       1.7089
1289.000       1.7127
1305.000       1.5067
1324.000       1.7078
1338.000       1.5107
1349.000       1.0744
1365.000       1.2058
1387.000       1.3127
1404.000       1.1566
1423.000       1.1125
1439.000       1.2236
1450.000       1.0530
1466.000       0.9199
1476.000       1.2687
1487.000       1.5350
1501.000       1.1910
1520.000       1.7070
1531.000       1.2704
1550.000       1.6158
1569.000       1.2540
1591.000       1.1079
1597.000       0.9054
1615.000       0.7678
1634.000       0.7460
1656.000       0.7126
1666.000       0.6296
1677.000       0.6467
1699.000       0.6717
1718.000       0.6693
1734.000       0.7270
1751.000       0.8421
1761.000       0.9255
1777.000       0.9725
1788.000       1.1784
1810.000       1.3577
1831.000       1.3045
1853.000       1.0880
1867.000       1.3253
1884.000       1.3857
1906.000       1.6240
1917.000       1.8185
1933.000       2.7791
1949.000       4.0794
1969.000       6.0208
