       0.000       17182.4520
       0.050        7675.7695
       0.100        8358.9141
       0.150        8769.5303
       0.200        9387.3623
       0.250        9878.1113
       0.300       10323.1553
       0.350       10621.3672
       0.400       10803.6436
       0.450       10855.7549
       0.500       11057.5723
       0.550       11308.8984
       0.600       11312.6816
       0.650       11286.4512
       0.700       11351.1416
       0.750       11427.4570
       0.800       11433.3105
       0.850       11445.5020
       0.900       11572.9414
       0.950       11564.7744
       1.000       11543.2090
       1.050       11612.7324
       1.100       11485.1953
       1.150       11654.7354
       1.200       11706.3887
       1.250       11794.6094
       1.300       11608.0010
       1.350       11593.4316
       1.400       11690.3877
       1.450       11690.0391
       1.500       11620.1357
       1.550       11675.0342
       1.600       11717.2363
       1.650       11701.4502
       1.700       11713.3662
       1.750       11505.4209
       1.800       11584.6768
       1.850       11583.9336
       1.900       11613.6494
       1.950       11647.4336
       2.000       11552.2295
       2.050       11699.8330
       2.100       11740.9541
       2.150       11706.3750
       2.200       11738.1982
       2.250       11719.1533
       2.300       11686.2432
       2.350       11633.2314
       2.400       11793.1494
       2.450       11739.1807
       2.500       11782.3750
       2.550       11799.0645
       2.600       11766.9590
       2.650       11787.2666
       2.700       11600.2900
       2.750       11811.5664
       2.800       11742.0078
       2.850       11694.0596
       2.900       11584.3379
       2.950       11673.3164
       3.000       11801.3047
       3.050       11694.7305
       3.100       11623.6113
       3.150       11754.2021
       3.200       11783.9404
       3.250       11748.7344
       3.300       11867.2861
       3.350       11776.4141
       3.400       11770.8828
       3.450       11650.8799
       3.500       11637.9111
       3.550       11777.5439
       3.600       11753.1660
       3.650       11776.0137
       3.700       11790.3184
       3.750       11821.7178
       3.800       11766.5537
       3.850       11791.3447
       3.900       11970.1279
       3.950       11682.5264
       4.000       11724.1562
       4.050       11743.9297
       4.100       11810.4521
       4.150       11812.0830
       4.200       11798.8594
       4.250       11798.9844
       4.300       11781.6602
       4.350       11633.4707
       4.400       11658.7451
       4.450       11811.3389
       4.500       11637.7109
       4.550       11700.3721
       4.600       11777.2891
       4.650       11692.3174
       4.700       11760.3916
       4.750       11771.9609
       4.800       11773.7998
       4.850       11739.4043
       4.900       11617.3027
       4.950       11578.4717
       5.000       11659.7188
       5.050       11777.8887
       5.100       11717.6182
       5.150       11708.4414
       5.200       11707.0293
       5.250       11740.1152
       5.300       11675.5645
       5.350       11650.5566
       5.400       11639.0840
       5.450       11806.1025
       5.500       11889.7295
       5.550       11769.8271
       5.600       11722.6406
       5.650       11826.9609
       5.700       11782.0098
       5.750       11750.8828
       5.800       11773.2656
       5.850       11698.9541
       5.900       11749.8848
       5.950       11790.5234
       6.000       11695.9199
       6.050       11765.2363
       6.100       11618.5127
       6.150       11542.7393
       6.200       11669.8574
       6.250       11547.0996
       6.300       11660.4268
       6.350       11569.7607
       6.400       11490.0195
       6.450       11632.8701
       6.500       11582.4893
       6.550       11680.0635
       6.600       11551.1172
       6.650       11675.7842
       6.700       11591.9160
       6.750       11732.3369
       6.800       11672.2383
       6.850       11787.7070
       6.900       11741.6445
       6.950       11813.8828
       7.000       11663.9697
       7.050       11773.9395
       7.100       11746.2598
       7.150       11896.3867
       7.200       11782.1582
       7.250       11804.5645
       7.300       11772.8643
       7.350       11815.6553
       7.400       11706.9873
       7.450       11819.6045
       7.500       11827.3779
       7.550       11850.2510
       7.600       11797.5811
       7.650       11780.8408
       7.700       11658.1484
       7.750       11639.6582
       7.800       11818.7510
       7.850       11678.2559
       7.900       11638.1387
       7.950       11621.3457
       8.000       11600.8564
       8.050       11594.5078
       8.100       11561.3896
       8.150       11800.6250
       8.200       11739.1084
       8.250       11760.3545
       8.300       11752.9746
       8.350       11658.0176
       8.400       11885.3340
       8.450       11788.6631
       8.500       11816.1895
       8.550       11701.4639
       8.600       11691.6543
       8.650       11716.5127
       8.700       11661.9727
       8.750       11755.4834
       8.800       11700.5674
       8.850       11758.1133
       8.900       11785.5664
       8.950       11844.9893
       9.000       11816.1250
       9.050       11705.4795
       9.100       11689.0176
       9.150       11703.4111
       9.200       11639.3174
       9.250       11807.7705
       9.300       11887.2754
       9.350       11897.8457
       9.400       11721.5645
       9.450       11832.3086
       9.500       11699.4336
       9.550       11713.3555
       9.600       11660.8721
       9.650       11649.1816
       9.700       11659.7021
       9.750       11820.6514
       9.800       11823.2891
       9.850       11724.2363
       9.900       11525.4277
       9.950       11766.8369
      10.000       11765.6230
      10.050       11677.5986
      10.100       11747.9199
      10.150       11816.3193
      10.200       11717.0898
      10.250       11721.1016
      10.300       11775.5889
      10.350       11797.4805
      10.400       11781.7861
      10.450       11753.4492
      10.500       11528.3877
      10.550       11541.0967
      10.600       11701.8105
      10.650       11803.1553
      10.700       11826.2715
      10.750       11684.5703
      10.800       11812.7012
      10.850       11672.3223
      10.900       11765.4424
      10.950       11821.6094
      11.000       11641.6182
      11.050       11653.2598
      11.100       11529.8193
      11.150       11579.2305
      11.200       11654.8047
      11.250       11721.7539
      11.300       11683.2539
      11.350       11703.2432
      11.400       11717.5176
      11.450       11675.3242
      11.500       11687.9014
      11.550       11671.0186
      11.600       11673.2773
      11.650       11567.1240
      11.700       11638.2441
      11.750       11670.3896
      11.800       11671.1084
      11.850       11622.6406
      11.900       11745.8467
      11.950       11674.2822
      12.000       11649.6084
      12.050       11809.9717
      12.100       11779.7920
      12.150       11735.0059
      12.200       11759.9629
      12.250       11705.9688
      12.300       11698.1348
      12.350       11841.5068
      12.400       11710.8652
      12.450       11668.9434
      12.500       11685.7969
      12.550       11584.2764
      12.600       11662.6787
      12.650       11609.0850
      12.700       11644.0410
      12.750       11789.2197
      12.800       11649.0234
      12.850       11705.6025
      12.900       11675.1885
      12.950       11795.3301
      13.000       11682.0391
      13.050       11722.6289
      13.100       11803.3223
      13.150       11829.5303
      13.200       11704.3203
      13.250       11730.2734
      13.300       11654.7559
      13.350       11672.8145
      13.400       11813.8740
      13.450       11715.3438
      13.500       11747.8545
      13.550       11775.2783
      13.600       11842.7051
      13.650       11717.8076
      13.700       11781.4072
      13.750       11713.9248
      13.800       11705.5137
      13.850       11688.5039
      13.900       11736.9980
      13.950       11663.2363
      14.000       11820.2061
      14.050       11707.1826
      14.100       11734.9971
      14.150       11757.1904
      14.200       11596.0186
      14.250       11793.4385
      14.300       11607.0137
      14.350       11582.1973
      14.400       11678.5986
      14.450       11816.7383
      14.500       11687.4570
      14.550       11796.1953
      14.600       11785.4004
      14.650       11763.8516
      14.700       11740.2949
      14.750       11648.3330
      14.800       11740.6631
      14.850       11622.7236
      14.900       11768.4268
      14.950       11860.5186
      15.000       11699.0674
