       0.000      -79263.7360
       0.050      -62267.2313
       0.100      -60980.0776
       0.150      -59931.0533
       0.200      -59224.2091
       0.250      -58622.5598
       0.300      -58250.3522
       0.350      -57917.5698
       0.400      -57608.4511
       0.450      -57296.6312
       0.500      -57226.3990
       0.550      -57229.5535
       0.600      -56887.8516
       0.650      -56715.4042
       0.700      -56694.3838
       0.750      -56704.8068
       0.800      -56658.8877
       0.850      -56555.6035
       0.900      -56644.5560
       0.950      -56509.0842
       1.000      -56368.1340
       1.050      -56307.2261
       1.100      -56140.9777
       1.150      -56197.4916
       1.200      -56230.6966
       1.250      -56205.6170
       1.300      -56148.7371
       1.350      -56168.7157
       1.400      -56127.7119
       1.450      -56123.0237
       1.500      -56011.3759
       1.550      -56025.9654
       1.600      -56032.3381
       1.650      -56043.8793
       1.700      -56203.1048
       1.750      -56021.4640
       1.800      -56165.8262
       1.850      -56132.6016
       1.900      -56219.9995
       1.950      -56283.2099
       2.000      -56085.2389
       2.050      -56150.8543
       2.100      -56257.4727
       2.150      -56221.0664
       2.200      -56120.0143
       2.250      -56115.0613
       2.300      -56100.7719
       2.350      -55937.6033
       2.400      -56140.8553
       2.450      -56020.0660
       2.500      -56030.7392
       2.550      -56006.8047
       2.600      -56105.2080
       2.650      -56200.5560
       2.700      -56040.0370
       2.750      -56119.3269
       2.800      -56033.1653
       2.850      -56044.6291
       2.900      -55958.1092
       2.950      -55915.0983
       3.000      -55927.0264
       3.050      -55988.8981
       3.100      -55877.8794
       3.150      -55934.3071
       3.200      -55881.6303
       3.250      -55952.4641
       3.300      -55940.0705
       3.350      -55956.1238
       3.400      -56110.3312
       3.450      -55919.9243
       3.500      -56052.4953
       3.550      -56107.8402
       3.600      -56008.8013
       3.650      -56049.8955
       3.700      -56013.5576
       3.750      -55939.9346
       3.800      -55848.7477
       3.850      -55856.2103
       3.900      -56020.5150
       3.950      -55857.9371
       4.000      -56010.2320
       4.050      -56068.7197
       4.100      -56226.2991
       4.150      -56265.1798
       4.200      -56080.4565
       4.250      -55899.7119
       4.300      -56204.8068
       4.350      -56115.6672
       4.400      -56259.3025
       4.450      -56194.9390
       4.500      -55972.4004
       4.550      -56131.6025
       4.600      -56195.2523
       4.650      -56049.1969
       4.700      -56055.8172
       4.750      -56061.8131
       4.800      -56123.3406
       4.850      -56099.9816
       4.900      -56101.9271
       4.950      -55925.3555
       5.000      -55820.8610
       5.050      -55949.0728
       5.100      -56059.3964
       5.150      -55952.0062
       5.200      -55976.8792
       5.250      -55988.5960
       5.300      -55925.6767
       5.350      -55930.9640
       5.400      -55754.9093
       5.450      -55942.4584
       5.500      -56014.4586
       5.550      -56035.9639
       5.600      -55984.3301
       5.650      -56034.8576
       5.700      -56054.2915
       5.750      -56028.8058
       5.800      -56039.4261
       5.850      -56024.4665
       5.900      -56117.8862
       5.950      -56075.3436
       6.000      -55920.0683
       6.050      -56077.3590
       6.100      -55962.8694
       6.150      -56002.4966
       6.200      -56122.1820
       6.250      -56196.5812
       6.300      -56359.4278
       6.350      -56232.0239
       6.400      -56110.9550
       6.450      -56157.1809
       6.500      -56082.4981
       6.550      -56208.9728
       6.600      -56161.8540
       6.650      -56258.8291
       6.700      -56195.9306
       6.750      -56136.0156
       6.800      -56083.8608
       6.850      -56195.9464
       6.900      -56138.7017
       6.950      -56234.4863
       7.000      -56078.5662
       7.050      -56102.2029
       7.100      -56113.4145
       7.150      -56212.0491
       7.200      -56146.4609
       7.250      -56265.6021
       7.300      -56147.2964
       7.350      -56090.0189
       7.400      -56011.5178
       7.450      -56174.5586
       7.500      -56079.2814
       7.550      -56081.6516
       7.600      -56005.2158
       7.650      -56107.0802
       7.700      -56072.8744
       7.750      -56120.1650
       7.800      -56268.3983
       7.850      -56182.3912
       7.900      -56048.1501
       7.950      -56094.5565
       8.000      -56065.6440
       8.050      -56043.6226
       8.100      -55986.0181
       8.150      -56132.1097
       8.200      -56035.0352
       8.250      -56094.5091
       8.300      -56062.3479
       8.350      -55984.3608
       8.400      -56146.6888
       8.450      -56184.6146
       8.500      -56171.3105
       8.550      -56157.8708
       8.600      -56095.7122
       8.650      -56127.7774
       8.700      -56025.3929
       8.750      -56070.5769
       8.800      -56093.7444
       8.850      -56032.8287
       8.900      -55990.3864
       8.950      -56043.9519
       9.000      -56108.9273
       9.050      -55968.9449
       9.100      -55972.9282
       9.150      -55934.8838
       9.200      -55918.7158
       9.250      -55974.5631
       9.300      -55995.0831
       9.350      -56007.6999
       9.400      -56001.3158
       9.450      -56148.5112
       9.500      -56024.3313
       9.550      -56093.2618
       9.600      -56032.0500
       9.650      -56136.5149
       9.700      -56124.8607
       9.750      -56178.5269
       9.800      -56260.1271
       9.850      -56219.5318
       9.900      -56102.7528
       9.950      -56134.0932
      10.000      -56134.4234
      10.050      -56027.8055
      10.100      -56060.4356
      10.150      -56154.9240
      10.200      -56103.3532
      10.250      -56096.7804
      10.300      -56100.7960
      10.350      -56169.8374
      10.400      -56191.7337
      10.450      -56205.1730
      10.500      -56098.1445
      10.550      -56157.9616
      10.600      -56169.6080
      10.650      -56173.4650
      10.700      -56183.1435
      10.750      -56066.7935
      10.800      -56285.7799
      10.850      -56068.2097
      10.900      -56178.2341
      10.950      -56189.1297
      11.000      -56122.1584
      11.050      -56180.9376
      11.100      -56138.2118
      11.150      -56263.0148
      11.200      -56250.3139
      11.250      -56393.2717
      11.300      -56228.6884
      11.350      -56203.5180
      11.400      -56179.0161
      11.450      -56084.2086
      11.500      -56085.3599
      11.550      -56172.3448
      11.600      -56149.1261
      11.650      -56148.0357
      11.700      -56268.4754
      11.750      -56306.2122
      11.800      -56210.6587
      11.850      -56100.7221
      11.900      -56223.9916
      11.950      -56161.7275
      12.000      -56118.3632
      12.050      -56144.3692
      12.100      -56105.2680
      12.150      -56136.0430
      12.200      -56071.4063
      12.250      -56075.8582
      12.300      -56116.5054
      12.350      -56231.3286
      12.400      -56215.3981
      12.450      -56216.6468
      12.500      -56135.9937
      12.550      -56062.9973
      12.600      -56258.4976
      12.650      -56200.4466
      12.700      -56278.1412
      12.750      -56397.6198
      12.800      -56235.4650
      12.850      -56289.1338
      12.900      -56166.3742
      12.950      -56247.5871
      13.000      -56144.7976
      13.050      -56134.6816
      13.100      -56065.1909
      13.150      -56235.4001
      13.200      -56162.5876
      13.250      -56242.2119
      13.300      -56223.5487
      13.350      -56118.6556
      13.400      -56183.1236
      13.450      -56099.6878
      13.500      -56141.4269
      13.550      -56119.9232
      13.600      -56175.4984
      13.650      -56070.1013
      13.700      -56097.2856
      13.750      -55987.2688
      13.800      -56006.7151
      13.850      -56007.2163
      13.900      -56131.8653
      13.950      -56061.9716
      14.000      -56329.5644
      14.050      -56151.5562
      14.100      -56152.8889
      14.150      -56274.9668
      14.200      -56146.7393
      14.250      -56262.1036
      14.300      -56128.9583
      14.350      -56071.4042
      14.400      -56237.2916
      14.450      -56290.2899
      14.500      -56040.5130
      14.550      -56058.8263
      14.600      -56227.0257
      14.650      -56167.3532
      14.700      -56221.6360
      14.750      -56074.4200
      14.800      -56153.6242
      14.850      -56062.8568
      14.900      -56115.6291
      14.950      -56323.0645
      15.000      -56241.9093
