       0.000      -62081.2840
       0.050      -54591.4618
       0.100      -52621.1636
       0.150      -51161.5231
       0.200      -49836.8468
       0.250      -48744.4484
       0.300      -47927.1969
       0.350      -47296.2026
       0.400      -46804.8076
       0.450      -46440.8763
       0.500      -46168.8268
       0.550      -45920.6551
       0.600      -45575.1700
       0.650      -45428.9530
       0.700      -45343.2422
       0.750      -45277.3498
       0.800      -45225.5772
       0.850      -45110.1015
       0.900      -45071.6146
       0.950      -44944.3098
       1.000      -44824.9251
       1.050      -44694.4937
       1.100      -44655.7824
       1.150      -44542.7562
       1.200      -44524.3079
       1.250      -44411.0076
       1.300      -44540.7361
       1.350      -44575.2840
       1.400      -44437.3242
       1.450      -44432.9846
       1.500      -44391.2401
       1.550      -44350.9312
       1.600      -44315.1018
       1.650      -44342.4291
       1.700      -44489.7386
       1.750      -44516.0431
       1.800      -44581.1494
       1.850      -44548.6680
       1.900      -44606.3501
       1.950      -44635.7763
       2.000      -44533.0094
       2.050      -44451.0213
       2.100      -44516.5186
       2.150      -44514.6914
       2.200      -44381.8160
       2.250      -44395.9079
       2.300      -44414.5288
       2.350      -44304.3719
       2.400      -44347.7059
       2.450      -44280.8854
       2.500      -44248.3642
       2.550      -44207.7402
       2.600      -44338.2490
       2.650      -44413.2894
       2.700      -44439.7470
       2.750      -44307.7605
       2.800      -44291.1575
       2.850      -44350.5695
       2.900      -44373.7713
       2.950      -44241.7819
       3.000      -44125.7217
       3.050      -44294.1676
       3.100      -44254.2681
       3.150      -44180.1050
       3.200      -44097.6898
       3.250      -44203.7297
       3.300      -44072.7844
       3.350      -44179.7098
       3.400      -44339.4484
       3.450      -44269.0444
       3.500      -44414.5842
       3.550      -44330.2963
       3.600      -44255.6353
       3.650      -44273.8818
       3.700      -44223.2392
       3.750      -44118.2168
       3.800      -44082.1940
       3.850      -44064.8656
       3.900      -44050.3871
       3.950      -44175.4108
       4.000      -44286.0758
       4.050      -44324.7900
       4.100      -44415.8470
       4.150      -44453.0968
       4.200      -44281.5971
       4.250      -44100.7275
       4.300      -44423.1467
       4.350      -44482.1965
       4.400      -44600.5574
       4.450      -44383.6001
       4.500      -44334.6894
       4.550      -44431.2304
       4.600      -44417.9633
       4.650      -44356.8796
       4.700      -44295.4256
       4.750      -44289.8521
       4.800      -44349.5408
       4.850      -44360.5773
       4.900      -44484.6244
       4.950      -44346.8838
       5.000      -44161.1422
       5.050      -44171.1842
       5.100      -44341.7782
       5.150      -44243.5648
       5.200      -44269.8499
       5.250      -44248.4808
       5.300      -44250.1122
       5.350      -44280.4073
       5.400      -44115.8253
       5.450      -44136.3559
       5.500      -44124.7291
       5.550      -44266.1368
       5.600      -44261.6895
       5.650      -44207.8967
       5.700      -44272.2818
       5.750      -44277.9230
       5.800      -44266.1605
       5.850      -44325.5124
       5.900      -44368.0015
       5.950      -44284.8202
       6.000      -44224.1484
       6.050      -44312.1227
       6.100      -44344.3567
       6.150      -44459.7573
       6.200      -44452.3246
       6.250      -44649.4816
       6.300      -44699.0010
       6.350      -44662.2631
       6.400      -44620.9354
       6.450      -44524.3108
       6.500      -44500.0088
       6.550      -44528.9093
       6.600      -44610.7368
       6.650      -44583.0449
       6.700      -44604.0146
       6.750      -44403.6787
       6.800      -44411.6225
       6.850      -44408.2394
       6.900      -44397.0572
       6.950      -44420.6035
       7.000      -44414.5965
       7.050      -44328.2635
       7.100      -44367.1548
       7.150      -44315.6624
       7.200      -44364.3027
       7.250      -44461.0376
       7.300      -44374.4321
       7.350      -44274.3636
       7.400      -44304.5305
       7.450      -44354.9541
       7.500      -44251.9034
       7.550      -44231.4007
       7.600      -44207.6347
       7.650      -44326.2394
       7.700      -44414.7259
       7.750      -44480.5068
       7.800      -44449.6473
       7.850      -44504.1354
       7.900      -44410.0114
       7.950      -44473.2108
       8.000      -44464.7876
       8.050      -44449.1148
       8.100      -44424.6284
       8.150      -44331.4847
       8.200      -44295.9268
       8.250      -44334.1546
       8.300      -44309.3733
       8.350      -44326.3432
       8.400      -44261.3549
       8.450      -44395.9515
       8.500      -44355.1210
       8.550      -44456.4069
       8.600      -44404.0579
       8.650      -44411.2647
       8.700      -44363.4202
       8.750      -44315.0935
       8.800      -44393.1770
       8.850      -44274.7154
       8.900      -44204.8200
       8.950      -44198.9626
       9.000      -44292.8023
       9.050      -44263.4654
       9.100      -44283.9106
       9.150      -44231.4726
       9.200      -44279.3984
       9.250      -44166.7926
       9.300      -44107.8077
       9.350      -44109.8542
       9.400      -44279.7514
       9.450      -44316.2026
       9.500      -44324.8977
       9.550      -44379.9064
       9.600      -44371.1779
       9.650      -44487.3333
       9.700      -44465.1585
       9.750      -44357.8755
       9.800      -44436.8380
       9.850      -44495.2955
       9.900      -44577.3251
       9.950      -44367.2563
      10.000      -44368.8004
      10.050      -44350.2069
      10.100      -44312.5157
      10.150      -44338.6046
      10.200      -44386.2633
      10.250      -44375.6788
      10.300      -44325.2071
      10.350      -44372.3569
      10.400      -44409.9476
      10.450      -44451.7238
      10.500      -44569.7568
      10.550      -44616.8649
      10.600      -44467.7975
      10.650      -44370.3097
      10.700      -44356.8720
      10.750      -44382.2232
      10.800      -44473.0787
      10.850      -44395.8874
      10.900      -44412.7917
      10.950      -44367.5204
      11.000      -44480.5402
      11.050      -44527.6778
      11.100      -44608.3925
      11.150      -44683.7844
      11.200      -44595.5092
      11.250      -44671.5178
      11.300      -44545.4345
      11.350      -44500.2748
      11.400      -44461.4985
      11.450      -44408.8843
      11.500      -44397.4586
      11.550      -44501.3262
      11.600      -44475.8488
      11.650      -44580.9117
      11.700      -44630.2313
      11.750      -44635.8225
      11.800      -44539.5503
      11.850      -44478.0815
      11.900      -44478.1449
      11.950      -44487.4453
      12.000      -44468.7548
      12.050      -44334.3975
      12.100      -44325.4760
      12.150      -44401.0371
      12.200      -44311.4435
      12.250      -44369.8894
      12.300      -44418.3706
      12.350      -44389.8217
      12.400      -44504.5329
      12.450      -44547.7034
      12.500      -44450.1968
      12.550      -44478.7209
      12.600      -44595.8189
      12.650      -44591.3616
      12.700      -44634.1002
      12.750      -44608.4001
      12.800      -44586.4416
      12.850      -44583.5313
      12.900      -44491.1857
      12.950      -44452.2570
      13.000      -44462.7586
      13.050      -44412.0527
      13.100      -44261.8687
      13.150      -44405.8698
      13.200      -44458.2672
      13.250      -44511.9384
      13.300      -44568.7928
      13.350      -44445.8411
      13.400      -44369.2496
      13.450      -44384.3441
      13.500      -44393.5724
      13.550      -44344.6449
      13.600      -44332.7933
      13.650      -44352.2937
      13.700      -44315.8784
      13.750      -44273.3440
      13.800      -44301.2014
      13.850      -44318.7124
      13.900      -44394.8672
      13.950      -44398.7353
      14.000      -44509.3583
      14.050      -44444.3735
      14.100      -44417.8918
      14.150      -44517.7764
      14.200      -44550.7207
      14.250      -44468.6652
      14.300      -44521.9447
      14.350      -44489.2069
      14.400      -44558.6930
      14.450      -44473.5516
      14.500      -44353.0560
      14.550      -44262.6310
      14.600      -44441.6253
      14.650      -44403.5017
      14.700      -44481.3410
      14.750      -44426.0870
      14.800      -44412.9611
      14.850      -44440.1332
      14.900      -44347.2023
      14.950      -44462.5459
      15.000      -44542.8420
