       0.000           0.8819
       0.050           0.8819
       0.100           0.8819
       0.150           0.8819
       0.200           0.8819
       0.250           0.8819
       0.300           0.8861
       0.350           0.8861
       0.400           0.8898
       0.450           0.8898
       0.500           0.8898
       0.550           0.8898
       0.600           0.8963
       0.650           0.8963
       0.700           0.8963
       0.750           0.8963
       0.800           0.8963
       0.850           0.8963
       0.900           0.9043
       0.950           0.9043
       1.000           0.9043
       1.050           0.9043
       1.100           0.9096
       1.150           0.9096
       1.200           0.9096
       1.250           0.9096
       1.300           0.9096
       1.350           0.9096
       1.400           0.9096
       1.450           0.9096
       1.500           0.9096
       1.550           0.9096
       1.600           0.9096
       1.650           0.9096
       1.700           0.9096
       1.750           0.9096
       1.800           0.9096
       1.850           0.9096
       1.900           0.9096
       1.950           0.9096
       2.000           0.9096
       2.050           0.9096
       2.100           0.9096
       2.150           0.9096
       2.200           0.9096
       2.250           0.9096
       2.300           0.9096
       2.350           0.9096
       2.400           0.9096
       2.450           0.9096
       2.500           0.9100
       2.550           0.9100
       2.600           0.9112
       2.650           0.9112
       2.700           0.9195
       2.750           0.9195
       2.800           0.9254
       2.850           0.9254
       2.900           0.9310
       2.950           0.9310
       3.000           0.9335
       3.050           0.9335
       3.100           0.9358
       3.150           0.9358
       3.200           0.9358
       3.250           0.9358
       3.300           0.9424
       3.350           0.9424
       3.400           0.9424
       3.450           0.9424
       3.500           0.9460
       3.550           0.9460
       3.600           0.9460
       3.650           0.9460
       3.700           0.9542
       3.750           0.9542
       3.800           0.9542
       3.850           0.9542
       3.900           0.9542
       3.950           0.9542
       4.000           0.9542
       4.050           0.9542
       4.100           0.9542
       4.150           0.9542
       4.200           0.9612
       4.250           0.9612
       4.300           0.9612
       4.350           0.9612
       4.400           0.9612
       4.450           0.9612
       4.500           0.9676
       4.550           0.9676
       4.600           0.9676
       4.650           0.9676
       4.700           0.9676
       4.750           0.9676
       4.800           0.9676
       4.850           0.9676
       4.900           0.9722
       4.950           0.9722
       5.000           0.9731
