       0.000      -82819.0193
       0.050      -64778.2507
       0.100      -63502.6417
       0.150      -62327.6794
       0.200      -61601.4365
       0.250      -60741.0817
       0.300      -60272.7242
       0.350      -60043.5824
       0.400      -59553.9097
       0.450      -59332.7003
       0.500      -59058.8137
       0.550      -58799.1447
       0.600      -58569.8281
       0.650      -58523.9851
       0.700      -58236.7763
       0.750      -58048.4297
       0.800      -57930.2647
       0.850      -57799.8448
       0.900      -57838.5326
       0.950      -57735.4018
       1.000      -57609.2007
       1.050      -57624.5046
       1.100      -57610.6659
       1.150      -57681.2373
       1.200      -57448.1360
       1.250      -57481.5079
       1.300      -57319.6038
       1.350      -57500.3390
       1.400      -57422.7841
       1.450      -57301.6526
       1.500      -57261.6002
       1.550      -57219.7751
       1.600      -57020.9409
       1.650      -56919.1047
       1.700      -56940.9312
       1.750      -56772.9776
       1.800      -56904.5620
       1.850      -56747.5189
       1.900      -56816.4150
       1.950      -56831.1559
       2.000      -56739.9890
       2.050      -56761.7432
       2.100      -56824.4921
       2.150      -56824.1225
       2.200      -56962.8635
       2.250      -56876.5398
       2.300      -56751.3496
       2.350      -56680.8924
       2.400      -56608.4424
       2.450      -56627.7172
       2.500      -56688.9627
       2.550      -56683.6085
       2.600      -56761.0318
       2.650      -56957.8992
       2.700      -56731.7131
       2.750      -56902.3163
       2.800      -56826.7793
       2.850      -56844.3480
       2.900      -56909.1183
       2.950      -56758.6471
       3.000      -56831.9452
       3.050      -56858.6359
       3.100      -56988.7715
       3.150      -57068.1205
       3.200      -57030.8489
       3.250      -56944.7058
       3.300      -56946.7245
       3.350      -57127.4730
       3.400      -57141.6432
       3.450      -57233.8278
       3.500      -57145.0286
       3.550      -57225.8081
       3.600      -57184.0245
       3.650      -57194.4526
       3.700      -57224.4895
       3.750      -57299.3765
       3.800      -57384.7826
       3.850      -57323.4164
       3.900      -57454.2278
       3.950      -57453.1471
       4.000      -57404.5845
       4.050      -57387.5322
       4.100      -57357.7944
       4.150      -57492.7434
       4.200      -57418.4271
       4.250      -57586.2034
       4.300      -57580.9674
       4.350      -57480.9248
       4.400      -57429.9990
       4.450      -57554.4005
       4.500      -57677.2008
       4.550      -57674.5665
       4.600      -57729.9915
       4.650      -57587.4161
       4.700      -57563.0971
       4.750      -57541.8098
       4.800      -57449.3162
       4.850      -57473.6086
       4.900      -57558.2837
       4.950      -57657.6195
       5.000      -57677.4398
