       0.000      -65427.8494
       0.050      -57310.3869
       0.100      -55380.3585
       0.150      -53692.8102
       0.200      -52289.4453
       0.250      -51085.1881
       0.300      -50186.4215
       0.350      -49567.4555
       0.400      -48984.7300
       0.450      -48546.6808
       0.500      -48054.6536
       0.550      -47804.4699
       0.600      -47427.0488
       0.650      -47257.4539
       0.700      -46918.0507
       0.750      -46645.5059
       0.800      -46433.2774
       0.850      -46383.3995
       0.900      -46306.1674
       0.950      -46108.2749
       1.000      -46021.3101
       1.050      -45981.2302
       1.100      -45940.2880
       1.150      -45867.4336
       1.200      -45815.6077
       1.250      -45721.9220
       1.300      -45736.2259
       1.350      -45725.1290
       1.400      -45712.7646
       1.450      -45703.9661
       1.500      -45651.1364
       1.550      -45504.5662
       1.600      -45266.3344
       1.650      -45128.5285
       1.700      -45083.0640
       1.750      -44955.1427
       1.800      -44933.0854
       1.850      -45001.9847
       1.900      -45073.3945
       1.950      -45051.7077
       2.000      -45004.9577
       2.050      -45004.0479
       2.100      -45040.9619
       2.150      -45154.9653
       2.200      -45109.7639
       2.250      -45111.4451
       2.300      -44987.1309
       2.350      -44952.9764
       2.400      -44858.7451
       2.450      -44801.1869
       2.500      -44873.0457
       2.550      -44908.1446
       2.600      -45021.5904
       2.650      -45112.6609
       2.700      -45017.3772
       2.750      -45056.8075
       2.800      -45124.7705
       2.850      -44973.6439
       2.900      -44924.7511
       2.950      -44951.6305
       3.000      -44963.0302
       3.050      -44950.1242
       3.100      -44949.1963
       3.150      -45248.2309
       3.200      -45295.9651
       3.250      -45226.5466
       3.300      -45329.3183
       3.350      -45373.9486
       3.400      -45303.0407
       3.450      -45284.9118
       3.500      -45231.2385
       3.550      -45281.6225
       3.600      -45403.2188
       3.650      -45411.4761
       3.700      -45545.9485
       3.750      -45428.6665
       3.800      -45447.8070
       3.850      -45630.5424
       3.900      -45644.3587
       3.950      -45560.5456
       4.000      -45534.3013
       4.050      -45587.2968
       4.100      -45676.9868
       4.150      -45790.5334
       4.200      -45814.8929
       4.250      -45814.0755
       4.300      -45869.6422
       4.350      -45840.1875
       4.400      -45850.9688
       4.450      -45823.1466
       4.500      -45808.8258
       4.550      -45850.2110
       4.600      -45882.5892
       4.650      -45804.1104
       4.700      -45748.7807
       4.750      -45689.4504
       4.800      -45703.3425
       4.850      -45688.7004
       4.900      -45689.9516
       4.950      -45754.9486
       5.000      -45942.1127
