       5.050           0.9731
       5.100           0.9756
       5.150           0.9756
       5.200           0.9824
       5.250           0.9824
       5.300           0.9824
       5.350           0.9824
       5.400           0.9833
       5.450           0.9833
       5.500           0.9833
       5.550           0.9833
       5.600           0.9844
       5.650           0.9844
       5.700           0.9865
       5.750           0.9865
       5.800           0.9881
       5.850           0.9881
       5.900           0.9881
       5.950           0.9881
       6.000           0.9881
       6.050           0.9881
       6.100           0.9881
       6.150           0.9881
       6.200           0.9881
       6.250           0.9881
       6.300           0.9881
       6.350           0.9881
       6.400           0.9881
       6.450           0.9881
       6.500           0.9881
       6.550           0.9881
       6.600           0.9881
       6.650           0.9881
       6.700           0.9881
       6.750           0.9881
       6.800           0.9881
       6.850           0.9881
       6.900           0.9902
       6.950           0.9902
       7.000           0.9902
       7.050           0.9902
       7.100           0.9902
       7.150           0.9902
       7.200           0.9952
       7.250           0.9952
       7.300           0.9952
       7.350           0.9952
       7.400           0.9952
       7.450           0.9952
       7.500           0.9952
       7.550           0.9952
       7.600           0.9952
       7.650           0.9952
       7.700           1.0005
       7.750           1.0005
       7.800           1.0005
       7.850           1.0005
       7.900           1.0005
       7.950           1.0005
       8.000           1.0005
       8.050           1.0005
       8.100           1.0005
       8.150           1.0005
       8.200           1.0005
       8.250           1.0005
       8.300           1.0005
       8.350           1.0005
       8.400           1.0058
       8.450           1.0058
       8.500           1.0058
       8.550           1.0058
       8.600           1.0058
       8.650           1.0058
       8.700           1.0058
       8.750           1.0058
       8.800           1.0058
       8.850           1.0058
       8.900           1.0058
       8.950           1.0058
       9.000           1.0045
       9.050           1.0045
       9.100           1.0045
       9.150           1.0045
       9.200           1.0077
       9.250           1.0077
       9.300           1.0080
       9.350           1.0080
       9.400           1.0110
       9.450           1.0110
       9.500           1.0099
       9.550           1.0099
       9.600           1.0099
       9.650           1.0099
       9.700           1.0104
       9.750           1.0104
       9.800           1.0094
       9.850           1.0094
       9.900           1.0094
       9.950           1.0094
      10.000           1.0094
