       5.050       11819.1016
       5.100       11920.7012
       5.150       11952.9307
       5.200       12002.5391
       5.250       12162.2344
       5.300       12070.7979
       5.350       12095.4326
       5.400       12004.5674
       5.450       11903.5488
       5.500       11947.3848
       5.550       11795.0557
       5.600       11729.6787
       5.650       11875.4951
       5.700       11722.9600
       5.750       11790.6855
       5.800       11732.2842
       5.850       11681.2227
       5.900       11728.6348
       5.950       11799.6768
       6.000       11839.2207
       6.050       11762.5078
       6.100       11748.0332
       6.150       11749.4932
       6.200       11696.9492
       6.250       11850.9141
       6.300       11822.4570
       6.350       11749.0029
       6.400       11802.9258
       6.450       11747.8027
       6.500       11804.7949
       6.550       11737.8213
       6.600       11975.0166
       6.650       11734.6396
       6.700       11780.9609
       6.750       11823.8877
       6.800       11879.3154
       6.850       11658.6592
       6.900       11801.3906
       6.950       11731.7783
       7.000       11730.7900
       7.050       11796.4902
       7.100       11769.7080
       7.150       11764.9414
       7.200       11751.5391
       7.250       11819.8008
       7.300       11685.8379
       7.350       11577.6426
       7.400       11663.1328
       7.450       11815.4707
       7.500       11748.9590
       7.550       11696.5752
       7.600       11600.6035
       7.650       11652.6484
       7.700       11629.7002
       7.750       11853.8604
       7.800       11751.7832
       7.850       11772.5791
       7.900       11779.0654
       7.950       11678.0625
       8.000       11646.7031
       8.050       11811.3750
       8.100       11810.9502
       8.150       11842.4756
       8.200       11835.1494
       8.250       11801.4238
       8.300       11729.0381
       8.350       11717.2480
       8.400       11705.7363
       8.450       11843.8945
       8.500       11730.4248
       8.550       11591.7051
       8.600       11574.4766
       8.650       11683.1855
       8.700       11696.4834
       8.750       11665.8369
       8.800       11715.3125
       8.850       11600.9287
       8.900       11724.8516
       8.950       11819.3926
       9.000       11676.6855
       9.050       11705.1270
       9.100       11651.1680
       9.150       11605.0859
       9.200       11675.7812
       9.250       11665.0078
       9.300       11672.3115
       9.350       11540.7246
       9.400       11668.5977
       9.450       11712.4844
       9.500       11670.2471
       9.550       11744.4141
       9.600       11728.5469
       9.650       11714.0195
       9.700       11693.2549
       9.750       11728.0986
       9.800       11679.2744
       9.850       11633.0000
       9.900       11492.5713
       9.950       11700.3184
      10.000       11874.7061
