       5.050      -56271.5984
       5.100      -56568.6827
       5.150      -56860.6679
       5.200      -57018.4174
       5.250      -57319.9861
       5.300      -57292.9390
       5.350      -57413.7213
       5.400      -57500.4669
       5.450      -57447.5312
       5.500      -57561.8996
       5.550      -57599.0666
       5.600      -57588.8400
       5.650      -57824.5143
       5.700      -57786.0537
       5.750      -57846.8228
       5.800      -57766.6822
       5.850      -57694.9310
       5.900      -57682.2068
       5.950      -57699.4173
       6.000      -57783.0872
       6.050      -57821.0990
       6.100      -57775.4221
       6.150      -57781.3967
       6.200      -57757.7104
       6.250      -57976.6842
       6.300      -57903.3729
       6.350      -57856.8151
       6.400      -57927.7723
       6.450      -57842.9463
       6.500      -57843.2986
       6.550      -57851.7444
       6.600      -58024.5922
       6.650      -57919.9677
       6.700      -57935.2574
       6.750      -57860.5204
       6.800      -57976.8583
       6.850      -57779.3846
       6.900      -57932.4845
       6.950      -57818.1348
       7.000      -57792.0820
       7.050      -57694.8441
       7.100      -57742.0451
       7.150      -57879.3304
       7.200      -57866.8977
       7.250      -57963.9910
       7.300      -58001.1992
       7.350      -57953.4799
       7.400      -57969.3814
       7.450      -58041.2438
       7.500      -58120.5791
       7.550      -58062.9381
       7.600      -58048.6962
       7.650      -58145.9971
       7.700      -58034.4141
       7.750      -58260.5794
       7.800      -58087.5909
       7.850      -58050.7451
       7.900      -57995.8162
       7.950      -57951.9397
       8.000      -57921.1458
       8.050      -58003.1655
       8.100      -57995.6039
       8.150      -58153.7328
       8.200      -58046.0945
       8.250      -58053.6880
       8.300      -57978.4318
       8.350      -57983.2101
       8.400      -58147.8657
       8.450      -58259.0684
       8.500      -58165.5632
       8.550      -58078.2275
       8.600      -58031.4940
       8.650      -58047.8739
       8.700      -58001.0727
       8.750      -57988.9576
       8.800      -58121.5076
       8.850      -58048.8450
       8.900      -58254.7044
       8.950      -58286.5355
       9.000      -58078.3523
       9.050      -58135.0814
       9.100      -58120.7508
       9.150      -58150.6977
       9.200      -58211.9724
       9.250      -58309.3922
       9.300      -58293.0533
       9.350      -58314.5245
       9.400      -58406.1736
       9.450      -58353.4180
       9.500      -58256.5777
       9.550      -58293.8504
       9.600      -58258.8040
       9.650      -58383.0803
       9.700      -58441.9726
       9.750      -58431.8203
       9.800      -58333.2109
       9.850      -58369.6441
       9.900      -58167.8055
       9.950      -58213.7282
      10.000      -58326.9130
