       5.050      -44452.4969
       5.100      -44647.9816
       5.150      -44907.7373
       5.200      -45015.8783
       5.250      -45157.7517
       5.300      -45222.1412
       5.350      -45318.2886
       5.400      -45495.8995
       5.450      -45543.9824
       5.500      -45614.5148
       5.550      -45804.0109
       5.600      -45859.1613
       5.650      -45949.0192
       5.700      -46063.0938
       5.750      -46056.1373
       5.800      -46034.3980
       5.850      -46013.7084
       5.900      -45953.5720
       5.950      -45899.7405
       6.000      -45943.8665
       6.050      -46058.5912
       6.100      -46027.3889
       6.150      -46031.9035
       6.200      -46060.7612
       6.250      -46125.7702
       6.300      -46080.9158
       6.350      -46107.8122
       6.400      -46124.8466
       6.450      -46095.1436
       6.500      -46038.5037
       6.550      -46113.9231
       6.600      -46049.5756
       6.650      -46185.3280
       6.700      -46154.2964
       6.750      -46036.6327
       6.800      -46097.5429
       6.850      -46120.7254
       6.900      -46131.0939
       6.950      -46086.3565
       7.000      -46061.2920
       7.050      -45898.3538
       7.100      -45972.3371
       7.150      -46114.3890
       7.200      -46115.3586
       7.250      -46144.1902
       7.300      -46315.3613
       7.350      -46375.8373
       7.400      -46306.2486
       7.450      -46225.7731
       7.500      -46371.6201
       7.550      -46366.3629
       7.600      -46448.0926
       7.650      -46493.3487
       7.700      -46404.7139
       7.750      -46406.7190
       7.800      -46335.8077
       7.850      -46278.1660
       7.900      -46216.7508
       7.950      -46273.8772
       8.000      -46274.4427
       8.050      -46191.7905
       8.100      -46184.6537
       8.150      -46311.2572
       8.200      -46210.9451
       8.250      -46252.2641
       8.300      -46249.3937
       8.350      -46265.9621
       8.400      -46442.1294
       8.450      -46415.1739
       8.500      -46435.1384
       8.550      -46486.5225
       8.600      -46457.0175
       8.650      -46364.6884
       8.700      -46304.5893
       8.750      -46323.1207
       8.800      -46406.1951
       8.850      -46447.9163
       8.900      -46529.8529
       8.950      -46467.1430
       9.000      -46401.6667
       9.050      -46429.9545
       9.100      -46469.5829
       9.150      -46545.6118
       9.200      -46536.1912
       9.250      -46644.3844
       9.300      -46620.7418
       9.350      -46773.7999
       9.400      -46737.5760
       9.450      -46640.9337
       9.500      -46586.3306
       9.550      -46549.4363
       9.600      -46530.2571
       9.650      -46669.0608
       9.700      -46748.7177
       9.750      -46703.7217
       9.800      -46653.9364
       9.850      -46736.6441
       9.900      -46675.2343
       9.950      -46513.4098
      10.000      -46452.2069
