       5.050     302.19
       5.100     304.78
       5.150     305.61
       5.200     306.88
       5.250     310.96
       5.300     308.62
       5.350     309.25
       5.400     306.93
       5.450     304.35
       5.500     305.47
       5.550     301.57
       5.600     299.90
       5.650     303.63
       5.700     299.73
       5.750     301.46
       5.800     299.97
       5.850     298.66
       5.900     299.87
       5.950     301.69
       6.000     302.70
       6.050     300.74
       6.100     300.37
       6.150     300.41
       6.200     299.06
       6.250     303.00
       6.300     302.27
       6.350     300.39
       6.400     301.77
       6.450     300.36
       6.500     301.82
       6.550     300.11
       6.600     306.17
       6.650     300.03
       6.700     301.21
       6.750     302.31
       6.800     303.73
       6.850     298.08
       6.900     301.73
       6.950     299.95
       7.000     299.93
       7.050     301.61
       7.100     300.92
       7.150     300.80
       7.200     300.46
       7.250     302.20
       7.300     298.78
       7.350     296.01
       7.400     298.20
       7.450     302.09
       7.500     300.39
       7.550     299.05
       7.600     296.60
       7.650     297.93
       7.700     297.34
       7.750     303.08
       7.800     300.47
       7.850     301.00
       7.900     301.16
       7.950     298.58
       8.000     297.78
       8.050     301.99
       8.100     301.98
       8.150     302.78
       8.200     302.60
       8.250     301.73
       8.300     299.88
       8.350     299.58
       8.400     299.29
       8.450     302.82
       8.500     299.92
       8.550     296.37
       8.600     295.93
       8.650     298.71
       8.700     299.05
       8.750     298.27
       8.800     299.53
       8.850     296.61
       8.900     299.78
       8.950     302.19
       9.000     298.55
       9.050     299.27
       9.100     297.89
       9.150     296.71
       9.200     298.52
       9.250     298.25
       9.300     298.43
       9.350     295.07
       9.400     298.34
       9.450     299.46
       9.500     298.38
       9.550     300.28
       9.600     299.87
       9.650     299.50
       9.700     298.97
       9.750     299.86
       9.800     298.61
       9.850     297.43
       9.900     293.84
       9.950     299.15
      10.000     303.61
