       5.050      199736.3290
       5.100      199221.1604
       5.150      199221.1604
       5.200      197841.9514
       5.250      197841.9514
       5.300      197841.9514
       5.350      197841.9514
       5.400      197667.9855
       5.450      197667.9855
       5.500      197667.9855
       5.550      197667.9855
       5.600      197440.6664
       5.650      197440.6664
       5.700      197014.1024
       5.750      197014.1024
       5.800      196709.3879
       5.850      196709.3879
       5.900      196709.3879
       5.950      196709.3879
       6.000      196709.3879
       6.050      196709.3879
       6.100      196709.3879
       6.150      196709.3879
       6.200      196709.3879
       6.250      196709.3879
       6.300      196709.3879
       6.350      196709.3879
       6.400      196709.3879
       6.450      196709.3879
       6.500      196709.3879
       6.550      196709.3879
       6.600      196709.3879
       6.650      196709.3879
       6.700      196709.3879
       6.750      196709.3879
       6.800      196709.3879
       6.850      196709.3879
       6.900      196289.2508
       6.950      196289.2508
       7.000      196289.2508
       7.050      196289.2508
       7.100      196289.2508
       7.150      196289.2508
       7.200      195289.4680
       7.250      195289.4680
       7.300      195289.4680
       7.350      195289.4680
       7.400      195289.4680
       7.450      195289.4680
       7.500      195289.4680
       7.550      195289.4680
       7.600      195289.4680
       7.650      195289.4680
       7.700      194252.9039
       7.750      194252.9039
       7.800      194252.9039
       7.850      194252.9039
       7.900      194252.9039
       7.950      194252.9039
       8.000      194252.9039
       8.050      194252.9039
       8.100      194252.9039
       8.150      194252.9039
       8.200      194252.9039
       8.250      194252.9039
       8.300      194252.9039
       8.350      194252.9039
       8.400      193232.5939
       8.450      193232.5939
       8.500      193232.5939
       8.550      193232.5939
       8.600      193232.5939
       8.650      193232.5939
       8.700      193232.5939
       8.750      193232.5939
       8.800      193232.5939
       8.850      193232.5939
       8.900      193232.5939
       8.950      193232.5939
       9.000      193481.0767
       9.050      193481.0767
       9.100      193481.0767
       9.150      193481.0767
       9.200      192883.5641
       9.250      192883.5641
       9.300      192823.9325
       9.350      192823.9325
       9.400      192242.3403
       9.450      192242.3403
       9.500      192461.4030
       9.550      192461.4030
       9.600      192461.4030
       9.650      192461.4030
       9.700      192354.7096
       9.750      192354.7096
       9.800      192542.5652
       9.850      192542.5652
       9.900      192542.5652
       9.950      192542.5652
      10.000      192542.5652
