      10.050           1.0094
      10.100           1.0094
      10.150           1.0094
      10.200           1.0094
      10.250           1.0094
      10.300           1.0094
      10.350           1.0094
      10.400           1.0094
      10.450           1.0094
      10.500           1.0076
      10.550           1.0076
      10.600           1.0076
      10.650           1.0076
      10.700           1.0076
      10.750           1.0076
      10.800           1.0051
      10.850           1.0051
      10.900           1.0051
      10.950           1.0051
      11.000           1.0051
      11.050           1.0051
      11.100           1.0051
      11.150           1.0051
      11.200           1.0049
      11.250           1.0049
      11.300           1.0053
      11.350           1.0053
      11.400           1.0053
      11.450           1.0053
      11.500           1.0105
      11.550           1.0105
      11.600           1.0105
      11.650           1.0105
      11.700           1.0105
      11.750           1.0105
      11.800           1.0105
      11.850           1.0105
      11.900           1.0105
      11.950           1.0105
      12.000           1.0105
      12.050           1.0105
      12.100           1.0110
      12.150           1.0110
      12.200           1.0110
      12.250           1.0110
      12.300           1.0110
      12.350           1.0110
      12.400           1.0110
      12.450           1.0110
      12.500           1.0118
      12.550           1.0118
      12.600           1.0118
      12.650           1.0118
      12.700           1.0118
      12.750           1.0118
      12.800           1.0118
      12.850           1.0118
      12.900           1.0118
      12.950           1.0118
      13.000           1.0136
      13.050           1.0136
      13.100           1.0136
      13.150           1.0136
      13.200           1.0136
      13.250           1.0136
      13.300           1.0136
      13.350           1.0136
      13.400           1.0136
      13.450           1.0136
      13.500           1.0136
      13.550           1.0136
      13.600           1.0132
      13.650           1.0132
      13.700           1.0132
      13.750           1.0132
      13.800           1.0132
      13.850           1.0132
      13.900           1.0132
      13.950           1.0132
      14.000           1.0132
      14.050           1.0132
      14.100           1.0132
      14.150           1.0132
      14.200           1.0132
      14.250           1.0132
      14.300           1.0132
      14.350           1.0132
      14.400           1.0132
      14.450           1.0132
      14.500           1.0137
      14.550           1.0137
      14.600           1.0137
      14.650           1.0137
      14.700           1.0137
      14.750           1.0137
      14.800           1.0137
      14.850           1.0137
      14.900           1.0137
      14.950           1.0137
      15.000           1.0137
      15.050           1.0137
      15.100           1.0120
      15.150           1.0120
      15.200           1.0120
      15.250           1.0120
      15.300           1.0125
      15.350           1.0125
      15.400           1.0125
      15.450           1.0125
      15.500           1.0125
      15.550           1.0125
      15.600           1.0145
      15.650           1.0145
      15.700           1.0145
      15.750           1.0145
      15.800           1.0145
      15.850           1.0145
      15.900           1.0145
      15.950           1.0145
      16.000           1.0145
      16.050           1.0145
      16.100           1.0145
      16.150           1.0145
      16.200           1.0153
      16.250           1.0153
      16.300           1.0153
      16.350           1.0153
      16.400           1.0153
      16.450           1.0153
      16.500           1.0153
      16.550           1.0153
      16.600           1.0153
      16.650           1.0153
      16.700           1.0153
      16.750           1.0153
      16.800           1.0153
      16.850           1.0153
      16.900           1.0153
      16.950           1.0153
      17.000           1.0153
      17.050           1.0153
      17.100           1.0153
      17.150           1.0153
      17.200           1.0153
      17.250           1.0153
      17.300           1.0153
      17.350           1.0153
      17.400           1.0181
      17.450           1.0181
      17.500           1.0181
      17.550           1.0181
      17.600           1.0181
      17.650           1.0181
      17.700           1.0168
      17.750           1.0168
      17.800           1.0168
      17.850           1.0168
      17.900           1.0168
      17.950           1.0168
      18.000           1.0168
      18.050           1.0168
      18.100           1.0187
      18.150           1.0187
      18.200           1.0187
      18.250           1.0187
      18.300           1.0187
      18.350           1.0187
      18.400           1.0187
      18.450           1.0187
      18.500           1.0187
      18.550           1.0187
      18.600           1.0187
      18.650           1.0187
      18.700           1.0187
      18.750           1.0187
      18.800           1.0174
      18.850           1.0174
      18.900           1.0180
      18.950           1.0180
      19.000           1.0195
      19.050           1.0195
      19.100           1.0195
      19.150           1.0195
      19.200           1.0195
      19.250           1.0195
      19.300           1.0195
      19.350           1.0195
      19.400           1.0210
      19.450           1.0210
      19.500           1.0210
      19.550           1.0210
      19.600           1.0210
      19.650           1.0210
      19.700           1.0235
      19.750           1.0235
      19.800           1.0235
      19.850           1.0235
      19.900           1.0235
      19.950           1.0235
      20.000           1.0235
