      10.050       11865.0449
      10.100       11792.4814
      10.150       11783.5811
      10.200       11791.4619
      10.250       11691.6367
      10.300       11888.8320
      10.350       11918.4531
      10.400       11727.3018
      10.450       11700.1846
      10.500       11745.2324
      10.550       11685.0195
      10.600       11777.9775
      10.650       11691.2246
      10.700       11850.9697
      10.750       11823.2598
      10.800       11779.3057
      10.850       11721.0645
      10.900       11718.6729
      10.950       11673.4961
      11.000       11670.2266
      11.050       11747.6455
      11.100       11869.4385
      11.150       11853.1104
      11.200       11660.3506
      11.250       11689.1016
      11.300       11726.8916
      11.350       11715.3818
      11.400       11675.2471
      11.450       11830.7754
      11.500       11713.3730
      11.550       11722.7568
      11.600       11696.0742
      11.650       11771.9072
      11.700       11792.5918
      11.750       11723.3584
      11.800       11714.9268
      11.850       11766.7002
      11.900       11644.0215
      11.950       11570.2930
      12.000       11693.4082
      12.050       11682.2627
      12.100       11732.8496
      12.150       11822.7559
      12.200       11647.5195
      12.250       11694.8623
      12.300       11803.7959
      12.350       11798.4033
      12.400       11799.4062
      12.450       11788.5254
      12.500       11663.6357
      12.550       11679.1016
      12.600       11804.1123
      12.650       11839.7705
      12.700       11669.4932
      12.750       11710.2285
      12.800       11771.8408
      12.850       11960.0996
      12.900       11825.2441
      12.950       11822.1221
      13.000       11751.2354
      13.050       11913.4336
      13.100       11803.8408
      13.150       11808.4541
      13.200       11773.7832
      13.250       11887.5059
      13.300       11829.5547
      13.350       11726.5439
      13.400       11780.3438
      13.450       11883.0781
      13.500       11841.1631
      13.550       11720.7676
      13.600       11778.8516
      13.650       11810.8848
      13.700       11747.3350
      13.750       11744.3369
      13.800       11761.9336
      13.850       11654.7002
      13.900       11559.8838
      13.950       11697.4189
      14.000       11655.9531
      14.050       11770.3955
      14.100       11730.7246
      14.150       11652.0840
      14.200       11714.6172
      14.250       11704.5977
      14.300       11507.4043
      14.350       11611.6035
      14.400       11681.3545
      14.450       11777.0146
      14.500       11600.0332
      14.550       11645.8750
      14.600       11509.5059
      14.650       11584.1963
      14.700       11632.9512
      14.750       11643.4453
      14.800       11627.5957
      14.850       11708.3789
      14.900       11731.4541
      14.950       11709.5264
      15.000       11753.8818
      15.050       11775.8389
      15.100       11787.5244
      15.150       11814.5410
      15.200       11860.0420
      15.250       11873.8291
      15.300       11770.2061
      15.350       11767.1504
      15.400       11727.5254
      15.450       11724.8477
      15.500       11815.6289
      15.550       11639.4785
      15.600       11735.4619
      15.650       11835.3193
      15.700       11899.5566
      15.750       11788.9648
      15.800       11788.8340
      15.850       11689.0312
      15.900       11733.2461
      15.950       11715.4580
      16.000       11878.6562
      16.050       11640.9971
      16.100       11752.4297
      16.150       11681.1172
      16.200       11644.2197
      16.250       11680.2881
      16.300       11766.6592
      16.350       11795.7236
      16.400       11840.9355
      16.450       11799.4775
      16.500       11626.6973
      16.550       11588.0850
      16.600       11757.5273
      16.650       11526.9570
      16.700       11814.6201
      16.750       11696.7607
      16.800       11746.3926
      16.850       11770.8076
      16.900       11684.2607
      16.950       11835.8516
      17.000       11657.1934
      17.050       11693.6816
      17.100       11559.5547
      17.150       11751.1494
      17.200       11774.3516
      17.250       11623.3545
      17.300       11768.8701
      17.350       11601.7422
      17.400       11616.0234
      17.450       11799.2744
      17.500       11716.5098
      17.550       11723.4482
      17.600       11721.1396
      17.650       11637.0098
      17.700       11768.6338
      17.750       11746.1357
      17.800       11832.9697
      17.850       11760.4023
      17.900       11660.3125
      17.950       11739.2861
      18.000       11723.1143
      18.050       11771.6641
      18.100       11868.4229
      18.150       11912.4248
      18.200       11843.7217
      18.250       11795.6621
      18.300       11738.4492
      18.350       11729.2266
      18.400       11775.7266
      18.450       11752.7119
      18.500       11780.2256
      18.550       11682.5439
      18.600       11771.0898
      18.650       11691.5332
      18.700       11871.0400
      18.750       11748.1973
      18.800       11668.6133
      18.850       11719.1738
      18.900       11827.0684
      18.950       11684.5830
      19.000       11785.2139
      19.050       11801.5645
      19.100       11820.1621
      19.150       11764.3730
      19.200       11710.8281
      19.250       11729.9697
      19.300       11827.5674
      19.350       11644.8037
      19.400       11739.2969
      19.450       11574.1309
      19.500       11811.7529
      19.550       11764.4980
      19.600       11689.1455
      19.650       11711.3281
      19.700       11845.8145
      19.750       11812.6592
      19.800       11806.4570
      19.850       11755.5059
      19.900       11723.3438
      19.950       11699.1621
      20.000       11655.4854
