      10.050      -58105.6867
      10.100      -57998.7507
      10.150      -58145.5443
      10.200      -58131.1874
      10.250      -58096.7365
      10.300      -58202.4797
      10.350      -58185.9512
      10.400      -58091.7579
      10.450      -58151.9871
      10.500      -58206.1816
      10.550      -58132.4947
      10.600      -58100.4416
      10.650      -58069.7336
      10.700      -58163.5153
      10.750      -58161.9522
      10.800      -58262.6398
      10.850      -58221.1783
      10.900      -58178.2813
      10.950      -58138.2657
      11.000      -58159.7611
      11.050      -58193.4058
      11.100      -58190.6469
      11.150      -58193.3101
      11.200      -58114.5669
      11.250      -58262.3906
      11.300      -58284.9062
      11.350      -58246.4340
      11.400      -58216.7738
      11.450      -58313.5537
      11.500      -58181.3300
      11.550      -58371.3272
      11.600      -58307.4087
      11.650      -58428.3969
      11.700      -58385.1837
      11.750      -58298.8377
      11.800      -58350.9163
      11.850      -58370.1099
      11.900      -58432.8573
      11.950      -58254.4362
      12.000      -58482.5291
      12.050      -58298.2013
      12.100      -58431.9587
      12.150      -58506.0742
      12.200      -58370.5226
      12.250      -58408.9555
      12.300      -58475.5753
      12.350      -58393.1088
      12.400      -58390.0422
      12.450      -58360.8605
      12.500      -58310.9955
      12.550      -58326.9738
      12.600      -58350.0910
      12.650      -58419.3512
      12.700      -58334.9518
      12.750      -58231.8477
      12.800      -58140.8469
      12.850      -58239.6448
      12.900      -58231.7867
      12.950      -58296.9097
      13.000      -58221.2133
      13.050      -58321.3689
      13.100      -58222.1845
      13.150      -58207.0705
      13.200      -58107.3278
      13.250      -58242.8143
      13.300      -58217.0450
      13.350      -58149.2450
      13.400      -58183.8371
      13.450      -58241.5880
      13.500      -58240.6974
      13.550      -58290.5094
      13.600      -58262.2710
      13.650      -58235.8432
      13.700      -58207.2233
      13.750      -58288.2820
      13.800      -58291.1425
      13.850      -58339.3883
      13.900      -58273.8512
      13.950      -58285.4455
      14.000      -58235.3859
      14.050      -58340.8099
      14.100      -58259.6244
      14.150      -58279.3500
      14.200      -58391.1814
      14.250      -58455.1373
      14.300      -58306.2321
      14.350      -58316.5366
      14.400      -58304.3125
      14.450      -58267.7084
      14.500      -58158.5957
      14.550      -58251.8101
      14.600      -58325.1729
      14.650      -58334.2235
      14.700      -58247.3218
      14.750      -58354.6963
      14.800      -58284.6350
      14.850      -58245.1576
      14.900      -58203.0706
      14.950      -58136.1717
      15.000      -58228.4499
      15.050      -58225.6129
      15.100      -58168.2606
      15.150      -58166.0390
      15.200      -58155.8636
      15.250      -58226.6823
      15.300      -58208.6230
      15.350      -58347.2034
      15.400      -58260.4735
      15.450      -58152.1441
      15.500      -58183.7456
      15.550      -58125.3640
      15.600      -58231.2314
      15.650      -58240.8222
      15.700      -58216.5994
      15.750      -58125.6700
      15.800      -58085.0293
      15.850      -58040.9021
      15.900      -58069.0868
      15.950      -58045.2147
      16.000      -58268.9020
      16.050      -58139.6831
      16.100      -58292.0343
      16.150      -58225.9616
      16.200      -58185.0359
      16.250      -58133.6486
      16.300      -58200.2887
      16.350      -58177.3409
      16.400      -58156.3247
      16.450      -58251.7086
      16.500      -58212.7097
      16.550      -58174.5655
      16.600      -58368.8965
      16.650      -58188.5341
      16.700      -58323.9907
      16.750      -58215.1531
      16.800      -58330.1519
      16.850      -58311.9646
      16.900      -58270.2868
      16.950      -58338.3094
      17.000      -58165.9194
      17.050      -58253.6257
      17.100      -58121.1183
      17.150      -58209.6027
      17.200      -58233.6915
      17.250      -58222.3392
      17.300      -58388.3466
      17.350      -58308.0255
      17.400      -58310.8103
      17.450      -58319.8152
      17.500      -58179.5105
      17.550      -58214.0564
      17.600      -58241.3841
      17.650      -58195.4336
      17.700      -58204.1711
      17.750      -58223.6097
      17.800      -58232.7671
      17.850      -58111.6311
      17.900      -57964.3340
      17.950      -58121.7567
      18.000      -58080.0404
      18.050      -58167.6202
      18.100      -58166.5339
      18.150      -58165.6421
      18.200      -58219.4603
      18.250      -58278.8846
      18.300      -58216.1602
      18.350      -58176.4383
      18.400      -58285.1357
      18.450      -58289.0683
      18.500      -58251.5599
      18.550      -58287.1385
      18.600      -58300.6218
      18.650      -58235.0545
      18.700      -58403.7740
      18.750      -58438.4474
      18.800      -58276.1274
      18.850      -58297.1248
      18.900      -58440.5296
      18.950      -58348.3066
      19.000      -58422.0319
      19.050      -58386.5538
      19.100      -58433.0452
      19.150      -58385.0206
      19.200      -58404.2784
      19.250      -58380.2792
      19.300      -58531.6080
      19.350      -58320.5065
      19.400      -58456.7060
      19.450      -58362.9643
      19.500      -58628.6666
      19.550      -58575.6580
      19.600      -58537.5508
      19.650      -58515.5417
      19.700      -58567.6657
      19.750      -58588.5099
      19.800      -58559.8946
      19.850      -58510.3103
      19.900      -58429.7997
      19.950      -58413.1283
      20.000      -58492.4693
