      10.050      -46240.6418
      10.100      -46206.2693
      10.150      -46361.9632
      10.200      -46339.7255
      10.250      -46405.0998
      10.300      -46313.6477
      10.350      -46267.4981
      10.400      -46364.4561
      10.450      -46451.8026
      10.500      -46460.9492
      10.550      -46447.4751
      10.600      -46322.4641
      10.650      -46378.5090
      10.700      -46312.5456
      10.750      -46338.6924
      10.800      -46483.3341
      10.850      -46500.1138
      10.900      -46459.6084
      10.950      -46464.7696
      11.000      -46489.5345
      11.050      -46445.7603
      11.100      -46321.2084
      11.150      -46340.1998
      11.200      -46454.2163
      11.250      -46573.2890
      11.300      -46558.0146
      11.350      -46531.0521
      11.400      -46541.5268
      11.450      -46482.7784
      11.500      -46467.9570
      11.550      -46648.5704
      11.600      -46611.3345
      11.650      -46656.4897
      11.700      -46592.5919
      11.750      -46575.4793
      11.800      -46635.9896
      11.850      -46603.4097
      11.900      -46788.8359
      11.950      -46684.1432
      12.000      -46789.1209
      12.050      -46615.9386
      12.100      -46699.1091
      12.150      -46683.3183
      12.200      -46723.0031
      12.250      -46714.0932
      12.300      -46671.7794
      12.350      -46594.7054
      12.400      -46590.6360
      12.450      -46572.3351
      12.500      -46647.3598
      12.550      -46647.8723
      12.600      -46545.9787
      12.650      -46579.5807
      12.700      -46665.4586
      12.750      -46521.6191
      12.800      -46369.0061
      12.850      -46279.5452
      12.900      -46406.5426
      12.950      -46474.7876
      13.000      -46469.9779
      13.050      -46407.9353
      13.100      -46418.3436
      13.150      -46398.6164
      13.200      -46333.5446
      13.250      -46355.3084
      13.300      -46387.4903
      13.350      -46422.7010
      13.400      -46403.4934
      13.450      -46358.5098
      13.500      -46399.5343
      13.550      -46569.7418
      13.600      -46483.4195
      13.650      -46424.9585
      13.700      -46459.8883
      13.750      -46543.9450
      13.800      -46529.2089
      13.850      -46684.6881
      13.900      -46713.9674
      13.950      -46588.0266
      14.000      -46579.4328
      14.050      -46570.4144
      14.100      -46528.8998
      14.150      -46627.2660
      14.200      -46676.5642
      14.250      -46750.5396
      14.300      -46798.8278
      14.350      -46704.9331
      14.400      -46622.9580
      14.450      -46490.6938
      14.500      -46558.5625
      14.550      -46605.9351
      14.600      -46815.6670
      14.650      -46750.0272
      14.700      -46614.3706
      14.750      -46711.2509
      14.800      -46657.0392
      14.850      -46536.7787
      14.900      -46471.6165
      14.950      -46426.6453
      15.000      -46474.5680
      15.050      -46449.7741
      15.100      -46380.7362
      15.150      -46351.4979
      15.200      -46295.8216
      15.250      -46352.8532
      15.300      -46438.4170
      15.350      -46580.0530
      15.400      -46532.9481
      15.450      -46427.2964
      15.500      -46368.1167
      15.550      -46485.8855
      15.600      -46495.7695
      15.650      -46405.5028
      15.700      -46317.0427
      15.750      -46336.7052
      15.800      -46296.1953
      15.850      -46351.8708
      15.900      -46335.8407
      15.950      -46329.7567
      16.000      -46390.2457
      16.050      -46498.6861
      16.100      -46539.6046
      16.150      -46544.8444
      16.200      -46540.8162
      16.250      -46453.3605
      16.300      -46433.6295
      16.350      -46381.6172
      16.400      -46315.3892
      16.450      -46452.2310
      16.500      -46586.0124
      16.550      -46586.4805
      16.600      -46611.3691
      16.650      -46661.5771
      16.700      -46509.3706
      16.750      -46518.3923
      16.800      -46583.7594
      16.850      -46541.1570
      16.900      -46586.0260
      16.950      -46502.4579
      17.000      -46508.7261
      17.050      -46559.9441
      17.100      -46561.5636
      17.150      -46458.4533
      17.200      -46459.3400
      17.250      -46598.9847
      17.300      -46619.4765
      17.350      -46706.2833
      17.400      -46694.7869
      17.450      -46520.5408
      17.500      -46463.0007
      17.550      -46490.6081
      17.600      -46520.2444
      17.650      -46558.4238
      17.700      -46435.5374
      17.750      -46477.4740
      17.800      -46399.7974
      17.850      -46351.2287
      17.900      -46304.0215
      17.950      -46382.4706
      18.000      -46356.9261
      18.050      -46395.9562
      18.100      -46298.1111
      18.150      -46253.2173
      18.200      -46375.7387
      18.250      -46483.2225
      18.300      -46477.7110
      18.350      -46447.2118
      18.400      -46509.4092
      18.450      -46536.3564
      18.500      -46471.3343
      18.550      -46604.5945
      18.600      -46529.5319
      18.650      -46543.5213
      18.700      -46532.7340
      18.750      -46690.2501
      18.800      -46607.5141
      18.850      -46577.9509
      18.900      -46613.4613
      18.950      -46663.7236
      19.000      -46636.8181
      19.050      -46584.9893
      19.100      -46612.8831
      19.150      -46620.6476
      19.200      -46693.4503
      19.250      -46650.3095
      19.300      -46704.0406
      19.350      -46675.7028
      19.400      -46717.4091
      19.450      -46788.8334
      19.500      -46816.9137
      19.550      -46811.1599
      19.600      -46848.4053
      19.650      -46804.2135
      19.700      -46721.8512
      19.750      -46775.8507
      19.800      -46753.4376
      19.850      -46754.8044
      19.900      -46706.4560
      19.950      -46713.9662
      20.000      -46836.9840
