      10.050     303.36
      10.100     301.51
      10.150     301.28
      10.200     301.48
      10.250     298.93
      10.300     303.97
      10.350     304.73
      10.400     299.84
      10.450     299.15
      10.500     300.30
      10.550     298.76
      10.600     301.14
      10.650     298.92
      10.700     303.00
      10.750     302.29
      10.800     301.17
      10.850     299.68
      10.900     299.62
      10.950     298.46
      11.000     298.38
      11.050     300.36
      11.100     303.47
      11.150     303.06
      11.200     298.13
      11.250     298.86
      11.300     299.83
      11.350     299.53
      11.400     298.51
      11.450     302.49
      11.500     299.48
      11.550     299.72
      11.600     299.04
      11.650     300.98
      11.700     301.51
      11.750     299.74
      11.800     299.52
      11.850     300.85
      11.900     297.71
      11.950     295.83
      12.000     298.97
      12.050     298.69
      12.100     299.98
      12.150     302.28
      12.200     297.80
      12.250     299.01
      12.300     301.80
      12.350     301.66
      12.400     301.68
      12.450     301.41
      12.500     298.21
      12.550     298.61
      12.600     301.80
      12.650     302.72
      12.700     298.36
      12.750     299.40
      12.800     300.98
      12.850     305.79
      12.900     302.34
      12.950     302.26
      13.000     300.45
      13.050     304.60
      13.100     301.80
      13.150     301.91
      13.200     301.03
      13.250     303.94
      13.300     302.45
      13.350     299.82
      13.400     301.20
      13.450     303.82
      13.500     302.75
      13.550     299.67
      13.600     301.16
      13.650     301.98
      13.700     300.35
      13.750     300.28
      13.800     300.73
      13.850     297.98
      13.900     295.56
      13.950     299.08
      14.000     298.02
      14.050     300.94
      14.100     299.93
      14.150     297.92
      14.200     299.52
      14.250     299.26
      14.300     294.22
      14.350     296.88
      14.400     298.66
      14.450     301.11
      14.500     296.59
      14.550     297.76
      14.600     294.27
      14.650     296.18
      14.700     297.43
      14.750     297.70
      14.800     297.29
      14.850     299.36
      14.900     299.95
      14.950     299.39
      15.000     300.52
      15.050     301.08
      15.100     301.38
      15.150     302.07
      15.200     303.23
      15.250     303.59
      15.300     300.94
      15.350     300.86
      15.400     299.85
      15.450     299.78
      15.500     302.10
      15.550     297.59
      15.600     300.05
      15.650     302.60
      15.700     304.24
      15.750     301.42
      15.800     301.41
      15.850     298.86
      15.900     299.99
      15.950     299.54
      16.000     303.71
      16.050     297.63
      16.100     300.48
      16.150     298.66
      16.200     297.72
      16.250     298.64
      16.300     300.85
      16.350     301.59
      16.400     302.75
      16.450     301.69
      16.500     297.27
      16.550     296.28
      16.600     300.61
      16.650     294.72
      16.700     302.07
      16.750     299.06
      16.800     300.33
      16.850     300.95
      16.900     298.74
      16.950     302.62
      17.000     298.05
      17.050     298.98
      17.100     295.55
      17.150     300.45
      17.200     301.04
      17.250     297.18
      17.300     300.90
      17.350     296.63
      17.400     296.99
      17.450     301.68
      17.500     299.56
      17.550     299.74
      17.600     299.68
      17.650     297.53
      17.700     300.90
      17.750     300.32
      17.800     302.54
      17.850     300.69
      17.900     298.13
      17.950     300.15
      18.000     299.73
      18.050     300.97
      18.100     303.45
      18.150     304.57
      18.200     302.82
      18.250     301.59
      18.300     300.12
      18.350     299.89
      18.400     301.08
      18.450     300.49
      18.500     301.19
      18.550     298.70
      18.600     300.96
      18.650     298.93
      18.700     303.51
      18.750     300.37
      18.800     298.34
      18.850     299.63
      18.900     302.39
      18.950     298.75
      19.000     301.32
      19.050     301.74
      19.100     302.21
      19.150     300.79
      19.200     299.42
      19.250     299.91
      19.300     302.40
      19.350     297.73
      19.400     300.15
      19.450     295.92
      19.500     302.00
      19.550     300.79
      19.600     298.86
      19.650     299.43
      19.700     302.87
      19.750     302.02
      19.800     301.86
      19.850     300.56
      19.900     299.74
      19.950     299.12
      20.000     298.00
