      10.050      192542.5650
      10.100      192542.5650
      10.150      192542.5650
      10.200      192542.5650
      10.250      192542.5650
      10.300      192542.5650
      10.350      192542.5650
      10.400      192542.5650
      10.450      192542.5650
      10.500      192887.6681
      10.550      192887.6681
      10.600      192887.6681
      10.650      192887.6681
      10.700      192887.6681
      10.750      192887.6681
      10.800      193364.0620
      10.850      193364.0620
      10.900      193364.0620
      10.950      193364.0620
      11.000      193364.0620
      11.050      193364.0620
      11.100      193364.0620
      11.150      193364.0620
      11.200      193405.7588
      11.250      193405.7588
      11.300      193333.7854
      11.350      193333.7854
      11.400      193333.7854
      11.450      193333.7854
      11.500      192333.8327
      11.550      192333.8327
      11.600      192333.8327
      11.650      192333.8327
      11.700      192333.8327
      11.750      192333.8327
      11.800      192333.8327
      11.850      192333.8327
      11.900      192333.8327
      11.950      192333.8327
      12.000      192333.8327
      12.050      192333.8327
      12.100      192250.2739
      12.150      192250.2739
      12.200      192250.2739
      12.250      192250.2739
      12.300      192250.2739
      12.350      192250.2739
      12.400      192250.2739
      12.450      192250.2739
      12.500      192093.6257
      12.550      192093.6257
      12.600      192093.6257
      12.650      192093.6257
      12.700      192093.6257
      12.750      192093.6257
      12.800      192093.6257
      12.850      192093.6257
      12.900      192093.6257
      12.950      192093.6257
      13.000      191760.7507
      13.050      191760.7507
      13.100      191760.7507
      13.150      191760.7507
      13.200      191760.7507
      13.250      191760.7507
      13.300      191760.7507
      13.350      191760.7507
      13.400      191760.7507
      13.450      191760.7507
      13.500      191760.7507
      13.550      191760.7507
      13.600      191818.4530
      13.650      191818.4530
      13.700      191818.4530
      13.750      191818.4530
      13.800      191818.4530
      13.850      191818.4530
      13.900      191818.4530
      13.950      191818.4530
      14.000      191818.4530
      14.050      191818.4530
      14.100      191818.4530
      14.150      191818.4530
      14.200      191818.4530
      14.250      191818.4530
      14.300      191818.4530
      14.350      191818.4530
      14.400      191818.4530
      14.450      191818.4530
      14.500      191728.9625
      14.550      191728.9625
      14.600      191728.9625
      14.650      191728.9625
      14.700      191728.9625
      14.750      191728.9625
      14.800      191728.9625
      14.850      191728.9625
      14.900      191728.9625
      14.950      191728.9625
      15.000      191728.9625
      15.050      191728.9625
      15.100      192060.9827
      15.150      192060.9827
      15.200      192060.9827
      15.250      192060.9827
      15.300      191961.5571
      15.350      191961.5571
      15.400      191961.5571
      15.450      191961.5571
      15.500      191961.5571
      15.550      191961.5571
      15.600      191587.3853
      15.650      191587.3853
      15.700      191587.3853
      15.750      191587.3853
      15.800      191587.3853
      15.850      191587.3853
      15.900      191587.3853
      15.950      191587.3853
      16.000      191587.3853
      16.050      191587.3853
      16.100      191587.3853
      16.150      191587.3853
      16.200      191423.7598
      16.250      191423.7598
      16.300      191423.7598
      16.350      191423.7598
      16.400      191423.7598
      16.450      191423.7598
      16.500      191423.7598
      16.550      191423.7598
      16.600      191423.7598
      16.650      191423.7598
      16.700      191423.7598
      16.750      191423.7598
      16.800      191423.7598
      16.850      191423.7598
      16.900      191423.7598
      16.950      191423.7598
      17.000      191423.7598
      17.050      191423.7598
      17.100      191423.7598
      17.150      191423.7598
      17.200      191423.7598
      17.250      191423.7598
      17.300      191423.7598
      17.350      191423.7598
      17.400      190907.1133
      17.450      190907.1133
      17.500      190907.1133
      17.550      190907.1133
      17.600      190907.1133
      17.650      190907.1133
      17.700      191140.0912
      17.750      191140.0912
      17.800      191140.0912
      17.850      191140.0912
      17.900      191140.0912
      17.950      191140.0912
      18.000      191140.0912
      18.050      191140.0912
      18.100      190799.7028
      18.150      190799.7028
      18.200      190799.7028
      18.250      190799.7028
      18.300      190799.7028
      18.350      190799.7028
      18.400      190799.7028
      18.450      190799.7028
      18.500      190799.7028
      18.550      190799.7028
      18.600      190799.7028
      18.650      190799.7028
      18.700      190799.7028
      18.750      190799.7028
      18.800      191033.0310
      18.850      191033.0310
      18.900      190929.9010
      18.950      190929.9010
      19.000      190647.1329
      19.050      190647.1329
      19.100      190647.1329
      19.150      190647.1329
      19.200      190647.1329
      19.250      190647.1329
      19.300      190647.1329
      19.350      190647.1329
      19.400      190366.8729
      19.450      190366.8729
      19.500      190366.8729
      19.550      190366.8729
      19.600      190366.8729
      19.650      190366.8729
      19.700      189900.2698
      19.750      189900.2698
      19.800      189900.2698
      19.850      189900.2698
      19.900      189900.2698
      19.950      189900.2698
      20.000      189900.2698
