      20.100           1.0235
      20.200           1.0235
      20.300           1.0235
      20.400           1.0235
      20.500           1.0235
      20.600           1.0235
      20.700           1.0235
      20.800           1.0235
      20.900           1.0235
      21.000           1.0235
      21.100           1.0235
      21.200           1.0235
      21.300           1.0235
      21.400           1.0235
      21.500           1.0235
      21.600           1.0235
      21.700           1.0235
      21.800           1.0223
      21.900           1.0223
      22.000           1.0223
      22.100           1.0223
      22.200           1.0202
      22.300           1.0202
      22.400           1.0202
      22.500           1.0202
      22.600           1.0202
      22.700           1.0202
      22.800           1.0202
      22.900           1.0202
      23.000           1.0202
      23.100           1.0202
      23.200           1.0202
      23.300           1.0202
      23.400           1.0161
      23.500           1.0161
      23.600           1.0161
      23.700           1.0161
      23.800           1.0161
      23.900           1.0161
      24.000           1.0161
      24.100           1.0161
      24.200           1.0161
      24.300           1.0161
      24.400           1.0161
      24.500           1.0161
      24.600           1.0161
      24.700           1.0161
      24.800           1.0161
      24.900           1.0161
      25.000           1.0161
      25.100           1.0161
      25.200           1.0161
      25.300           1.0161
      25.400           1.0161
      25.500           1.0161
      25.600           1.0161
      25.700           1.0161
      25.800           1.0168
      25.900           1.0168
      26.000           1.0168
      26.100           1.0168
      26.200           1.0168
      26.300           1.0168
      26.400           1.0168
      26.500           1.0168
      26.600           1.0168
      26.700           1.0168
      26.800           1.0168
      26.900           1.0168
      27.000           1.0166
      27.100           1.0166
      27.200           1.0166
      27.300           1.0166
      27.400           1.0166
      27.500           1.0166
      27.600           1.0168
      27.700           1.0168
      27.800           1.0168
      27.900           1.0168
      28.000           1.0193
      28.100           1.0193
      28.200           1.0193
      28.300           1.0193
      28.400           1.0193
      28.500           1.0193
      28.600           1.0184
      28.700           1.0184
      28.800           1.0161
      28.900           1.0161
      29.000           1.0161
      29.100           1.0161
      29.200           1.0161
      29.300           1.0161
      29.400           1.0161
      29.500           1.0161
      29.600           1.0161
      29.700           1.0161
      29.800           1.0184
      29.900           1.0184
      30.000           1.0184
