      20.100       11659.2725
      20.200       11916.9258
      20.300       11858.3418
      20.400       11698.4600
      20.500       11751.8232
      20.600       11886.4902
      20.700       11756.7090
      20.800       11857.6719
      20.900       11813.8418
      21.000       11848.4922
      21.100       11738.4102
      21.200       11747.3750
      21.300       11601.9531
      21.400       11710.1680
      21.500       11701.6934
      21.600       11715.7910
      21.700       11787.7334
      21.800       11777.3691
      21.900       11665.3994
      22.000       11515.7539
      22.100       11674.9668
      22.200       11759.2275
      22.300       11805.9512
      22.400       11844.7207
      22.500       11629.3945
      22.600       11735.0439
      22.700       11762.7949
      22.800       11735.1045
      22.900       11615.2354
      23.000       11826.5869
      23.100       11713.1045
      23.200       11794.4238
      23.300       11756.2158
      23.400       11868.3350
      23.500       11798.7666
      23.600       11932.9883
      23.700       11831.8984
      23.800       11806.7197
      23.900       11786.1709
      24.000       11672.9688
      24.100       11619.7334
      24.200       11567.7383
      24.300       11830.8291
      24.400       11879.3887
      24.500       11697.3535
      24.600       11714.2490
      24.700       11800.3965
      24.800       11820.3750
      24.900       11749.1748
      25.000       11832.7607
      25.100       11734.4072
      25.200       11748.4004
      25.300       11684.9189
      25.400       11740.6094
      25.500       11814.2363
      25.600       11699.7344
      25.700       11875.7217
      25.800       11817.0410
      25.900       11793.9434
      26.000       11718.0713
      26.100       11757.1299
      26.200       11741.7734
      26.300       11695.3379
      26.400       11737.7109
      26.500       11654.4541
      26.600       11808.9639
      26.700       11783.1836
      26.800       11843.1963
      26.900       11815.5947
      27.000       11792.2129
      27.100       11734.4033
      27.200       11680.2637
      27.300       11677.6113
      27.400       11731.5879
      27.500       11717.2812
      27.600       11676.6982
      27.700       11624.1055
      27.800       11647.0752
      27.900       11726.4043
      28.000       11709.9424
      28.100       11581.9414
      28.200       11646.6230
      28.300       11627.1006
      28.400       11670.6377
      28.500       11626.1230
      28.600       11654.8301
      28.700       11670.5898
      28.800       11686.5146
      28.900       11722.2803
      29.000       11809.5723
      29.100       11744.0938
      29.200       11617.7402
      29.300       11713.9932
      29.400       11740.8896
      29.500       11668.4512
      29.600       11767.7988
      29.700       11687.3203
      29.800       11684.5303
      29.900       11813.8721
      30.000       11615.5371
