      20.100      -46687.8918
      20.200      -46518.9731
      20.300      -46467.4542
      20.400      -46458.7610
      20.500      -46598.2435
      20.600      -46451.7880
      20.700      -46370.1262
      20.800      -46437.0755
      20.900      -46417.3538
      21.000      -46281.5058
      21.100      -46435.3909
      21.200      -46460.7044
      21.300      -46627.7380
      21.400      -46579.1511
      21.500      -46627.5610
      21.600      -46535.9129
      21.700      -46548.9200
      21.800      -46767.8687
      21.900      -46783.9619
      22.000      -46954.6045
      22.100      -46785.3467
      22.200      -46617.7705
      22.300      -46361.3055
      22.400      -46413.1903
      22.500      -46523.2131
      22.600      -46581.6142
      22.700      -46693.2887
      22.800      -46691.1345
      22.900      -46676.4854
      23.000      -46504.2690
      23.100      -46421.5536
      23.200      -46397.2290
      23.300      -46411.2998
      23.400      -46215.8252
      23.500      -46182.1575
      23.600      -46085.3273
      23.700      -46121.8838
      23.800      -46191.5682
      23.900      -46399.3081
      24.000      -46453.0713
      24.100      -46473.9833
      24.200      -46553.8732
      24.300      -46266.9148
      24.400      -46334.5026
      24.500      -46464.9399
      24.600      -46536.4255
      24.700      -46379.1289
      24.800      -46452.5514
      24.900      -46313.3256
      25.000      -46387.1989
      25.100      -46583.0205
      25.200      -46479.7471
      25.300      -46511.7159
      25.400      -46354.7667
      25.500      -46382.9034
      25.600      -46384.2689
      25.700      -46351.1468
      25.800      -46486.6223
      25.900      -46379.9841
      26.000      -46401.7597
      26.100      -46239.4254
      26.200      -46407.8147
      26.300      -46547.9558
      26.400      -46621.3819
      26.500      -46616.1669
      26.600      -46441.9339
      26.700      -46468.3671
      26.800      -46520.0415
      26.900      -46460.4342
      27.000      -46423.8194
      27.100      -46511.1396
      27.200      -46383.5202
      27.300      -46417.0210
      27.400      -46516.2396
      27.500      -46535.7640
      27.600      -46502.8206
      27.700      -46463.9378
      27.800      -46614.9264
      27.900      -46683.4611
      28.000      -46584.9889
      28.100      -46768.6333
      28.200      -46712.3389
      28.300      -46673.6827
      28.400      -46704.4231
      28.500      -46679.8866
      28.600      -46679.3050
      28.700      -46708.9739
      28.800      -46634.7748
      28.900      -46478.1898
      29.000      -46475.6159
      29.100      -46514.3236
      29.200      -46597.9348
      29.300      -46409.2983
      29.400      -46486.1963
      29.500      -46593.1420
      29.600      -46536.3312
      29.700      -46548.1302
      29.800      -46475.7200
      29.900      -46540.3671
      30.000      -46442.0718
