      20.100      0.0
      20.200      0.0
      20.300      0.0
      20.400      0.0
      20.500      0.0
      20.600      0.0
      20.700      0.0
      20.800      0.0
      20.900      0.0
      21.000      0.0
      21.100      0.0
      21.200      0.0
      21.300      0.0
      21.400      0.0
      21.500      0.0
      21.600      0.0
      21.700      0.0
      21.800      0.0
      21.900      0.0
      22.000      0.0
      22.100      0.0
      22.200      0.0
      22.300      0.0
      22.400      0.0
      22.500      0.0
      22.600      0.0
      22.700      0.0
      22.800      0.0
      22.900      0.0
      23.000      0.0
      23.100      0.0
      23.200      0.0
      23.300      0.0
      23.400      0.0
      23.500      0.0
      23.600      0.0
      23.700      0.0
      23.800      0.0
      23.900      0.0
      24.000      0.0
      24.100      0.0
      24.200      0.0
      24.300      0.0
      24.400      0.0
      24.500      0.0
      24.600      0.0
      24.700      0.0
      24.800      0.0
      24.900      0.0
      25.000      0.0
      25.100      0.0
      25.200      0.0
      25.300      0.0
      25.400      0.0
      25.500      0.0
      25.600      0.0
      25.700      0.0
      25.800      0.0
      25.900      0.0
      26.000      0.0
      26.100      0.0
      26.200      0.0
      26.300      0.0
      26.400      0.0
      26.500      0.0
      26.600      0.0
      26.700      0.0
      26.800      0.0
      26.900      0.0
      27.000      0.0
      27.100      0.0
      27.200      0.0
      27.300      0.0
      27.400      0.0
      27.500      0.0
      27.600      0.0
      27.700      0.0
      27.800      0.0
      27.900      0.0
      28.000      0.0
      28.100      0.0
      28.200      0.0
      28.300      0.0
      28.400      0.0
      28.500      0.0
      28.600      0.0
      28.700      0.0
      28.800      0.0
      28.900      0.0
      29.000      0.0
      29.100      0.0
      29.200      0.0
      29.300      0.0
      29.400      0.0
      29.500      0.0
      29.600      0.0
      29.700      0.0
      29.800      0.0
      29.900      0.0
      30.000      0.0
