      20.100     298.10
      20.200     304.69
      20.300     303.19
      20.400     299.10
      20.500     300.47
      20.600     303.91
      20.700     300.59
      20.800     303.17
      20.900     302.05
      21.000     302.94
      21.100     300.12
      21.200     300.35
      21.300     296.63
      21.400     299.40
      21.500     299.18
      21.600     299.55
      21.700     301.38
      21.800     301.12
      21.900     298.26
      22.000     294.43
      22.100     298.50
      22.200     300.66
      22.300     301.85
      22.400     302.84
      22.500     297.34
      22.600     300.04
      22.700     300.75
      22.800     300.04
      22.900     296.97
      23.000     302.38
      23.100     299.48
      23.200     301.56
      23.300     300.58
      23.400     303.45
      23.500     301.67
      23.600     305.10
      23.700     302.51
      23.800     301.87
      23.900     301.34
      24.000     298.45
      24.100     297.09
      24.200     295.76
      24.300     302.49
      24.400     303.73
      24.500     299.07
      24.600     299.51
      24.700     301.71
      24.800     302.22
      24.900     300.40
      25.000     302.54
      25.100     300.02
      25.200     300.38
      25.300     298.76
      25.400     300.18
      25.500     302.06
      25.600     299.13
      25.700     303.63
      25.800     302.13
      25.900     301.54
      26.000     299.60
      26.100     300.60
      26.200     300.21
      26.300     299.02
      26.400     300.11
      26.500     297.98
      26.600     301.93
      26.700     301.27
      26.800     302.80
      26.900     302.10
      27.000     301.50
      27.100     300.02
      27.200     298.64
      27.300     298.57
      27.400     299.95
      27.500     299.58
      27.600     298.55
      27.700     297.20
      27.800     297.79
      27.900     299.82
      28.000     299.40
      28.100     296.12
      28.200     297.78
      28.300     297.28
      28.400     298.39
      28.500     297.25
      28.600     297.99
      28.700     298.39
      28.800     298.80
      28.900     299.71
      29.000     301.94
      29.100     300.27
      29.200     297.04
      29.300     299.50
      29.400     300.19
      29.500     298.34
      29.600     300.88
      29.700     298.82
      29.800     298.75
      29.900     302.05
      30.000     296.98
