      20.100      189900.2698
      20.200      189900.2698
      20.300      189900.2698
      20.400      189900.2698
      20.500      189900.2698
      20.600      189900.2698
      20.700      189900.2698
      20.800      189900.2698
      20.900      189900.2698
      21.000      189900.2698
      21.100      189900.2698
      21.200      189900.2698
      21.300      189900.2698
      21.400      189900.2698
      21.500      189900.2698
      21.600      189900.2698
      21.700      189900.2698
      21.800      190111.0130
      21.900      190111.0130
      22.000      190111.0130
      22.100      190111.0130
      22.200      190510.2098
      22.300      190510.2098
      22.400      190510.2098
      22.500      190510.2098
      22.600      190510.2098
      22.700      190510.2098
      22.800      190510.2098
      22.900      190510.2098
      23.000      190510.2098
      23.100      190510.2098
      23.200      190510.2098
      23.300      190510.2098
      23.400      191272.9275
      23.500      191272.9275
      23.600      191272.9275
      23.700      191272.9275
      23.800      191272.9275
      23.900      191272.9275
      24.000      191272.9275
      24.100      191272.9275
      24.200      191272.9275
      24.300      191272.9275
      24.400      191272.9275
      24.500      191272.9275
      24.600      191272.9275
      24.700      191272.9275
      24.800      191272.9275
      24.900      191272.9275
      25.000      191272.9275
      25.100      191272.9275
      25.200      191272.9275
      25.300      191272.9275
      25.400      191272.9275
      25.500      191272.9275
      25.600      191272.9275
      25.700      191272.9275
      25.800      191155.9345
      25.900      191155.9345
      26.000      191155.9345
      26.100      191155.9345
      26.200      191155.9345
      26.300      191155.9345
      26.400      191155.9345
      26.500      191155.9345
      26.600      191155.9345
      26.700      191155.9345
      26.800      191155.9345
      26.900      191155.9345
      27.000      191181.4302
      27.100      191181.4302
      27.200      191181.4302
      27.300      191181.4302
      27.400      191181.4302
      27.500      191181.4302
      27.600      191141.8605
      27.700      191141.8605
      27.800      191141.8605
      27.900      191141.8605
      28.000      190678.2863
      28.100      190678.2863
      28.200      190678.2863
      28.300      190678.2863
      28.400      190678.2863
      28.500      190678.2863
      28.600      190851.4747
      28.700      190851.4747
      28.800      191281.0807
      28.900      191281.0807
      29.000      191281.0807
      29.100      191281.0807
      29.200      191281.0807
      29.300      191281.0807
      29.400      191281.0807
      29.500      191281.0807
      29.600      191281.0807
      29.700      191281.0807
      29.800      190854.5236
      29.900      190854.5236
      30.000      190854.5236
