GL4	4	4.260440545042709	0.7360273351794138
GL4	5	3.6444733091183426	0.7230200954646147
HIP	11	6.5405984778405015	0.8294108323710324
GL4	13	4.805019793394654	0.5683972361550579
GL4	20	5.288876277680287	0.8735291543718859
AS4	24	2.6517118431024786	0.753402440999334
AS4	30	4.0735904658268245	0.5605512741115576
GL4	33	4.692020747490026	0.594735941794774
AS4	37	2.1228067545704574	0.47966934134959016
GL4	39	5.156309498480303	0.7270636237785713
AS4	40	2.39912142068729	0.6125255028688477
GL4	48	2.683151931762455	0.6506586596270412
AS4	58	2.121227511134088	0.8647552421963041
GL4	73	4.388845416625878	0.48638107399832137
AS4	77	2.4753984029701823	0.6834287638773139
GL4	78	4.186590291553816	0.543191514781877
AS4	87	3.204298004476945	0.6688587451252593
GL4	93	2.770061900357894	0.7602911797459102
GL4	94	4.723632299738305	0.8188411410553308
HIP	97	6.418886005589096	0.8681999637316815
AS4	117	4.125858494763632	0.5392837025617001
