GL4	4	4.15449506776935	0.6719007831930934
GL4	5	3.611809477906323	0.6622556191643076
HIP	11	6.63879687946428	0.8405128582852869
GL4	13	5.223815226105108	0.7513683878767514
GL4	20	5.344762700229823	0.8391804481394972
AS4	24	2.626834118721053	0.7425478061985145
AS4	30	4.3445883955553395	0.664585446097483
GL4	33	4.777223227653261	0.6285608546929219
AS4	37	2.4426120010926606	0.493844397692876
GL4	39	4.9649145344776935	0.7153774409978466
AS4	40	1.9412025227191319	0.5523861787143307
GL4	48	2.7643048656918325	0.6723125841924549
AS4	58	1.9654007613326987	0.707019135258465
GL4	73	4.0353331295671016	0.42810155649238363
AS4	77	2.745669633517214	0.7441626835258212
GL4	78	4.284366715094194	0.5610829682205539
AS4	87	2.612643265385264	0.587505659612149
GL4	93	2.5869088936247784	0.5958736634021926
GL4	94	4.701263294840319	0.8229829718324643
HIP	97	6.548717033618583	0.897103825292865
AS4	117	3.937563425142874	0.5947843656221863
