GL4	4	4.352286910401739	0.6939880316057154
GL4	5	3.6155694132739047	0.7224165298949135
HIP	11	6.73729083280699	0.6750269389236917
GL4	13	5.332039731738326	0.6763241126071533
GL4	20	5.311457977430817	0.8705879025416982
AS4	24	2.59986639009185	0.7574658028840816
AS4	30	4.207956173071914	0.6270395866616733
GL4	33	4.619318364539334	0.6236644335412169
AS4	37	2.3637742814588893	0.5127041008521026
GL4	39	5.1247569528461865	0.7695677958724604
AS4	40	1.8971123198498534	0.5341076665976229
GL4	48	2.577891456068636	0.7564556670035775
AS4	58	1.8127151796611167	0.827878796607304
GL4	73	4.109422325712655	0.4152672671097127
AS4	77	2.7556345054850846	0.7615710699991971
GL4	78	4.306848836713929	0.528035501097932
AS4	87	3.040050234066128	0.5349817510844632
GL4	93	2.8241609415497595	0.8101442740717212
GL4	94	4.713241846484208	0.8157408167103359
HIP	97	6.40307136044368	0.8388606915537793
AS4	117	4.249425806454626	0.4621299377805342
