#Atom            RMSF
  36.000       1.8134
  55.000       1.7002
  74.000       1.7307
  93.000       1.6478
 112.000       1.5847
 134.000       1.5926
 148.000       1.7421
 172.000       1.7238
 191.000       1.3768
 209.000       1.4665
 223.000       1.7058
 242.000       1.5603
 259.000       1.2407
 270.000       1.1683
 286.000       0.9220
 296.000       1.0304
 318.000       1.2361
 332.000       1.2080
 351.000       1.1487
 365.000       1.3339
 372.000       1.1687
 391.000       1.4261
 407.000       1.4847
 424.000       1.5490
 441.000       1.1851
 463.000       0.9919
 473.000       1.2471
 487.000       1.0920
 503.000       1.0741
 519.000       1.4970
 538.000       1.3968
 557.000       1.5552
 564.000       1.4045
 578.000       1.4925
 597.000       1.4399
 613.000       1.8062
 629.000       1.8343
 648.000       1.3211
 664.000       1.1778
 686.000       1.0891
 708.000       0.8520
 724.000       0.7904
 741.000       0.7932
 760.000       0.7343
 781.000       0.7591
 792.000       0.8126
 811.000       0.8566
 821.000       0.9085
 840.000       0.9289
 859.000       1.1723
 881.000       1.5319
 895.000       1.4296
 915.000       1.3295
 929.000       1.4188
 948.000       1.8450
 967.000       2.2060
 983.000       3.2026
1005.000       3.7044
1019.000       3.5442
1033.000       3.1571
1049.000       2.4720
1069.000       1.8640
1099.000       2.6881
1105.000       2.4969
1122.000       1.7327
1129.000       1.8256
1148.000       2.2634
1170.000       2.2420
1180.000       1.6909
1196.000       1.6091
1213.000       1.4413
1232.000       1.7359
1251.000       2.1394
1270.000       1.9711
1289.000       1.9709
1305.000       1.6961
1324.000       1.9737
1338.000       1.7764
1349.000       1.2098
1365.000       1.3210
1387.000       1.4968
1404.000       1.2869
1423.000       1.1540
1439.000       1.2536
1450.000       1.0815
1466.000       0.9705
1476.000       1.3726
1487.000       1.7782
1501.000       1.3680
1520.000       1.8008
1531.000       1.4830
1550.000       1.8969
1569.000       1.4797
1591.000       1.2563
1597.000       1.0303
1615.000       0.8511
1634.000       0.8165
1656.000       0.7951
1666.000       0.7368
1677.000       0.7546
1699.000       0.8072
1718.000       0.7758
1734.000       0.8105
1751.000       0.9722
1761.000       1.1124
1777.000       1.1499
1788.000       1.4644
1810.000       1.8797
1831.000       1.7707
1853.000       1.3708
1867.000       1.6645
1884.000       1.7044
1906.000       1.6095
