#Atom            RMSF
   5.000       3.5989
  22.000       2.1915
  36.000       1.3710
  55.000       1.5236
  74.000       1.6089
  93.000       1.2544
 112.000       1.0651
 134.000       1.2617
 148.000       1.2590
 172.000       1.0034
 191.000       1.0602
 209.000       1.2867
 223.000       1.2128
 242.000       1.2897
 259.000       1.3752
 270.000       1.1864
 286.000       0.9628
 296.000       1.0805
 318.000       1.3076
 332.000       1.1910
 351.000       0.9213
 365.000       1.1687
 372.000       0.9606
 391.000       1.1189
 407.000       1.1721
 424.000       1.1434
 441.000       0.8979
 463.000       0.7987
 473.000       0.8972
 487.000       0.8520
 503.000       0.6968
 519.000       0.7356
 538.000       0.9572
 557.000       1.6052
 564.000       0.9145
 578.000       1.0222
 597.000       1.1528
 613.000       1.0777
 629.000       1.0963
 648.000       0.8361
 664.000       0.7951
 686.000       0.7141
 708.000       0.5541
 724.000       0.5613
 741.000       0.6829
 760.000       0.5854
 781.000       0.6162
 792.000       0.8310
 811.000       0.9119
 821.000       0.9489
 840.000       1.0291
 859.000       1.2439
 881.000       1.3796
 895.000       1.1047
 915.000       1.1048
 929.000       1.0427
 948.000       1.0450
 967.000       1.4931
 983.000       2.3161
1005.000       2.4224
1019.000       2.1433
1033.000       1.8754
1049.000       1.4481
1069.000       1.1678
1099.000       1.5966
1105.000       1.6351
1122.000       1.4674
1129.000       1.2110
1148.000       0.9928
1170.000       1.3778
1180.000       1.3065
1196.000       0.9284
1213.000       1.0299
1232.000       1.2554
1251.000       1.0305
1270.000       0.9386
1289.000       1.1113
1305.000       1.1436
1324.000       1.1868
1338.000       0.9500
1349.000       0.7631
1365.000       0.9301
1387.000       0.9426
1404.000       0.8286
1423.000       0.9769
1439.000       1.1381
1450.000       0.9040
1466.000       0.7962
1476.000       1.2050
1487.000       1.6642
1501.000       1.2729
1520.000       1.7555
1531.000       1.3564
1550.000       1.7137
1569.000       1.3442
1591.000       1.2348
1597.000       0.9707
1615.000       0.8201
1634.000       0.8452
1656.000       0.7987
1666.000       0.6076
1677.000       0.5735
1699.000       0.6031
1718.000       0.5623
1734.000       0.5699
1751.000       0.6470
1761.000       0.6790
1777.000       0.6840
1788.000       0.8141
1810.000       0.7995
1831.000       0.7227
1853.000       0.6606
1867.000       0.6994
1884.000       0.7807
1906.000       1.0115
1917.000       1.0845
1933.000       1.4196
1949.000       2.9761
1969.000       5.5846
