       0.000      -45975.3639
       0.050      -40590.2655
       0.100      -39125.2230
       0.150      -37811.2034
       0.200      -36773.7828
       0.250      -35955.5597
       0.300      -35405.4903
       0.350      -34953.0457
       0.400      -34507.0187
       0.450      -34254.3454
       0.500      -33967.8372
       0.550      -33752.5677
       0.600      -33725.8188
       0.650      -33672.6291
       0.700      -33482.7631
       0.750      -33399.1841
       0.800      -33225.3473
       0.850      -33108.2426
       0.900      -33133.8434
       0.950      -32984.7933
       1.000      -32992.6155
       1.050      -32961.6376
       1.100      -32933.0888
       1.150      -32985.9589
       1.200      -32983.7229
       1.250      -33067.8832
       1.300      -32976.3479
       1.350      -33060.3977
       1.400      -32982.4199
       1.450      -33022.3589
       1.500      -32994.2457
       1.550      -32895.8754
       1.600      -32932.6091
       1.650      -32955.6632
       1.700      -33067.0372
       1.750      -33141.8098
       1.800      -33098.3520
       1.850      -33056.9541
       1.900      -33109.3717
       1.950      -33100.7693
       2.000      -33045.1703
       2.050      -33169.1311
       2.100      -33073.4781
       2.150      -33053.4564
       2.200      -33063.1900
       2.250      -33089.1516
       2.300      -33187.1856
       2.350      -33119.8439
       2.400      -33077.9355
       2.450      -33004.0790
       2.500      -32956.8351
       2.550      -32919.7274
       2.600      -32894.2870
       2.650      -33010.1423
       2.700      -33065.6082
       2.750      -33097.5578
       2.800      -33103.4578
       2.850      -33045.3936
       2.900      -33006.2520
       2.950      -33015.2484
       3.000      -32956.5078
       3.050      -32932.4931
       3.100      -32911.7321
       3.150      -33069.2380
       3.200      -33027.3277
       3.250      -32911.5136
       3.300      -32991.2635
       3.350      -33039.7944
       3.400      -33057.5202
       3.450      -32949.2857
       3.500      -33035.0068
       3.550      -32995.9683
       3.600      -32972.5906
       3.650      -32892.3847
       3.700      -32905.0785
       3.750      -32887.1908
       3.800      -32671.2654
       3.850      -32720.9751
       3.900      -32742.8665
       3.950      -32703.0556
       4.000      -32728.8358
       4.050      -32850.2539
       4.100      -32931.9617
       4.150      -33024.7704
       4.200      -33014.6561
       4.250      -33009.9897
       4.300      -33062.2741
       4.350      -33023.4107
       4.400      -33030.9864
       4.450      -33124.2799
       4.500      -33138.9395
       4.550      -33174.4610
       4.600      -33152.3185
       4.650      -33043.7014
       4.700      -33072.6875
       4.750      -33160.7407
       4.800      -33185.7781
       4.850      -33231.8991
       4.900      -33222.6150
       4.950      -33162.2785
       5.000      -33224.9269
       5.050      -33221.8480
       5.100      -33275.6654
       5.150      -33258.3221
       5.200      -33189.2104
       5.250      -33243.9934
       5.300      -33165.7174
       5.350      -33135.3948
       5.400      -33181.8974
       5.450      -33218.1939
       5.500      -33179.6356
       5.550      -33219.5486
       5.600      -33185.3594
       5.650      -33162.0399
       5.700      -33178.9718
       5.750      -33123.4446
       5.800      -33101.7620
       5.850      -33094.4272
       5.900      -33265.1277
       5.950      -33204.2702
       6.000      -33119.9252
       6.050      -33158.6994
       6.100      -33241.5888
       6.150      -33076.2081
       6.200      -32967.3366
       6.250      -32996.5427
       6.300      -33047.0535
       6.350      -33042.2337
       6.400      -33212.1683
       6.450      -33151.1171
       6.500      -32998.2994
       6.550      -32971.5602
       6.600      -32970.8079
       6.650      -32957.8143
       6.700      -33010.3670
       6.750      -32979.0609
       6.800      -33023.9189
       6.850      -33012.5814
       6.900      -33000.8206
       6.950      -32919.2408
       7.000      -33038.6176
       7.050      -32943.9720
       7.100      -32915.7294
       7.150      -32934.2758
       7.200      -32845.4014
       7.250      -32818.4570
       7.300      -32794.6947
       7.350      -32837.5475
       7.400      -32871.9903
       7.450      -32874.3727
       7.500      -33023.0297
       7.550      -33011.1085
       7.600      -33075.7387
       7.650      -33156.6358
       7.700      -33135.9189
       7.750      -33196.2386
       7.800      -33074.0271
       7.850      -33072.7482
       7.900      -33043.8640
       7.950      -32963.4254
       8.000      -33012.6477
       8.050      -33115.4646
       8.100      -33034.7853
       8.150      -33106.0667
       8.200      -33057.1691
       8.250      -33032.8090
       8.300      -33123.5581
       8.350      -33289.6633
       8.400      -33316.1414
       8.450      -33268.4704
       8.500      -33238.3954
       8.550      -33303.3915
       8.600      -33188.4660
       8.650      -33157.7018
       8.700      -33132.4553
       8.750      -33187.9700
       8.800      -33221.5610
       8.850      -33178.3522
       8.900      -33196.3065
       8.950      -33233.3561
       9.000      -33220.9567
       9.050      -33115.3986
       9.100      -33092.3022
       9.150      -33221.7214
       9.200      -33219.0965
       9.250      -33284.4780
       9.300      -33280.9417
       9.350      -33106.0092
       9.400      -33108.5031
       9.450      -33118.7898
       9.500      -33223.4436
       9.550      -33255.6490
       9.600      -33333.5332
       9.650      -33249.6451
       9.700      -33280.5253
       9.750      -33288.8694
       9.800      -33374.8378
       9.850      -33354.2843
       9.900      -33407.3940
       9.950      -33399.0924
      10.000      -33406.3658
      10.050      -33379.3380
      10.100      -33275.5612
      10.150      -33387.2623
      10.200      -33359.0138
      10.250      -33346.6714
      10.300      -33287.8937
      10.350      -33171.5260
      10.400      -33160.0131
      10.450      -33206.2931
      10.500      -33083.3133
      10.550      -33039.6091
      10.600      -33077.7408
      10.650      -32985.7751
      10.700      -33026.3562
      10.750      -33006.3977
      10.800      -33039.8574
      10.850      -33024.6696
      10.900      -33009.1595
      10.950      -33016.8913
      11.000      -33073.8743
      11.050      -33111.7675
      11.100      -33188.1803
      11.150      -33148.1631
      11.200      -33154.0364
      11.250      -33213.6749
      11.300      -33155.9578
      11.350      -33232.5245
      11.400      -33249.1960
      11.450      -33277.6639
      11.500      -33398.0922
      11.550      -33342.8107
      11.600      -33240.2733
      11.650      -33096.7807
      11.700      -33130.0543
      11.750      -33124.5712
      11.800      -33141.8456
      11.850      -33175.6265
      11.900      -33220.4303
      11.950      -33133.4624
      12.000      -33091.3210
      12.050      -33013.3565
      12.100      -33008.1151
      12.150      -33036.6120
      12.200      -33001.6425
      12.250      -32927.0973
      12.300      -32998.0182
      12.350      -32960.7754
      12.400      -32915.7552
      12.450      -33005.6711
      12.500      -33025.0259
      12.550      -33020.7173
      12.600      -33008.8081
      12.650      -32925.1324
      12.700      -33037.1239
      12.750      -32991.6829
      12.800      -33000.6488
      12.850      -32910.1153
      12.900      -32876.6862
      12.950      -32918.1864
      13.000      -32984.7633
      13.050      -33019.7095
      13.100      -32979.0346
      13.150      -32986.0273
      13.200      -33038.9683
      13.250      -33116.2177
      13.300      -33088.2725
      13.350      -33094.7280
      13.400      -33028.2329
      13.450      -33105.3004
      13.500      -33060.7065
      13.550      -33029.8351
      13.600      -32942.8490
      13.650      -32884.4479
      13.700      -32853.3735
      13.750      -32960.1215
      13.800      -32998.1333
      13.850      -33000.1045
      13.900      -33081.6276
      13.950      -33181.0665
      14.000      -33094.2933
      14.050      -33154.2821
      14.100      -33112.2254
      14.150      -33177.8756
      14.200      -33315.3938
      14.250      -33248.9544
      14.300      -33210.4654
      14.350      -33192.6041
      14.400      -33094.5190
      14.450      -32984.6553
      14.500      -33038.6321
      14.550      -33034.8637
      14.600      -33037.5654
      14.650      -32983.6635
      14.700      -33012.0408
      14.750      -32970.7811
      14.800      -33004.7900
      14.850      -33022.9185
      14.900      -33048.5492
      14.950      -33079.2831
      15.000      -32984.1418
