       0.000      0.0
       0.050      0.0
       0.100      0.0
       0.150      0.0
       0.200      0.0
       0.250      0.0
       0.300      0.0
       0.350      0.0
       0.400      0.0
       0.450      0.0
       0.500      0.0
       0.550      0.0
       0.600      0.0
       0.650      0.0
       0.700      0.0
       0.750      0.0
       0.800      0.0
       0.850      0.0
       0.900      0.0
       0.950      0.0
       1.000      0.0
       1.050      0.0
       1.100      0.0
       1.150      0.0
       1.200      0.0
       1.250      0.0
       1.300      0.0
       1.350      0.0
       1.400      0.0
       1.450      0.0
       1.500      0.0
       1.550      0.0
       1.600      0.0
       1.650      0.0
       1.700      0.0
       1.750      0.0
       1.800      0.0
       1.850      0.0
       1.900      0.0
       1.950      0.0
       2.000      0.0
       2.050      0.0
       2.100      0.0
       2.150      0.0
       2.200      0.0
       2.250      0.0
       2.300      0.0
       2.350      0.0
       2.400      0.0
       2.450      0.0
       2.500      0.0
       2.550      0.0
       2.600      0.0
       2.650      0.0
       2.700      0.0
       2.750      0.0
       2.800      0.0
       2.850      0.0
       2.900      0.0
       2.950      0.0
       3.000      0.0
       3.050      0.0
       3.100      0.0
       3.150      0.0
       3.200      0.0
       3.250      0.0
       3.300      0.0
       3.350      0.0
       3.400      0.0
       3.450      0.0
       3.500      0.0
       3.550      0.0
       3.600      0.0
       3.650      0.0
       3.700      0.0
       3.750      0.0
       3.800      0.0
       3.850      0.0
       3.900      0.0
       3.950      0.0
       4.000      0.0
       4.050      0.0
       4.100      0.0
       4.150      0.0
       4.200      0.0
       4.250      0.0
       4.300      0.0
       4.350      0.0
       4.400      0.0
       4.450      0.0
       4.500      0.0
       4.550      0.0
       4.600      0.0
       4.650      0.0
       4.700      0.0
       4.750      0.0
       4.800      0.0
       4.850      0.0
       4.900      0.0
       4.950      0.0
       5.000      0.0
       5.050      0.0
       5.100      0.0
       5.150      0.0
       5.200      0.0
       5.250      0.0
       5.300      0.0
       5.350      0.0
       5.400      0.0
       5.450      0.0
       5.500      0.0
       5.550      0.0
       5.600      0.0
       5.650      0.0
       5.700      0.0
       5.750      0.0
       5.800      0.0
       5.850      0.0
       5.900      0.0
       5.950      0.0
       6.000      0.0
       6.050      0.0
       6.100      0.0
       6.150      0.0
       6.200      0.0
       6.250      0.0
       6.300      0.0
       6.350      0.0
       6.400      0.0
       6.450      0.0
       6.500      0.0
       6.550      0.0
       6.600      0.0
       6.650      0.0
       6.700      0.0
       6.750      0.0
       6.800      0.0
       6.850      0.0
       6.900      0.0
       6.950      0.0
       7.000      0.0
       7.050      0.0
       7.100      0.0
       7.150      0.0
       7.200      0.0
       7.250      0.0
       7.300      0.0
       7.350      0.0
       7.400      0.0
       7.450      0.0
       7.500      0.0
       7.550      0.0
       7.600      0.0
       7.650      0.0
       7.700      0.0
       7.750      0.0
       7.800      0.0
       7.850      0.0
       7.900      0.0
       7.950      0.0
       8.000      0.0
       8.050      0.0
       8.100      0.0
       8.150      0.0
       8.200      0.0
       8.250      0.0
       8.300      0.0
       8.350      0.0
       8.400      0.0
       8.450      0.0
       8.500      0.0
       8.550      0.0
       8.600      0.0
       8.650      0.0
       8.700      0.0
       8.750      0.0
       8.800      0.0
       8.850      0.0
       8.900      0.0
       8.950      0.0
       9.000      0.0
       9.050      0.0
       9.100      0.0
       9.150      0.0
       9.200      0.0
       9.250      0.0
       9.300      0.0
       9.350      0.0
       9.400      0.0
       9.450      0.0
       9.500      0.0
       9.550      0.0
       9.600      0.0
       9.650      0.0
       9.700      0.0
       9.750      0.0
       9.800      0.0
       9.850      0.0
       9.900      0.0
       9.950      0.0
      10.000      0.0
      10.050      0.0
      10.100      0.0
      10.150      0.0
      10.200      0.0
      10.250      0.0
      10.300      0.0
      10.350      0.0
      10.400      0.0
      10.450      0.0
      10.500      0.0
      10.550      0.0
      10.600      0.0
      10.650      0.0
      10.700      0.0
      10.750      0.0
      10.800      0.0
      10.850      0.0
      10.900      0.0
      10.950      0.0
      11.000      0.0
      11.050      0.0
      11.100      0.0
      11.150      0.0
      11.200      0.0
      11.250      0.0
      11.300      0.0
      11.350      0.0
      11.400      0.0
      11.450      0.0
      11.500      0.0
      11.550      0.0
      11.600      0.0
      11.650      0.0
      11.700      0.0
      11.750      0.0
      11.800      0.0
      11.850      0.0
      11.900      0.0
      11.950      0.0
      12.000      0.0
      12.050      0.0
      12.100      0.0
      12.150      0.0
      12.200      0.0
      12.250      0.0
      12.300      0.0
      12.350      0.0
      12.400      0.0
      12.450      0.0
      12.500      0.0
      12.550      0.0
      12.600      0.0
      12.650      0.0
      12.700      0.0
      12.750      0.0
      12.800      0.0
      12.850      0.0
      12.900      0.0
      12.950      0.0
      13.000      0.0
      13.050      0.0
      13.100      0.0
      13.150      0.0
      13.200      0.0
      13.250      0.0
      13.300      0.0
      13.350      0.0
      13.400      0.0
      13.450      0.0
      13.500      0.0
      13.550      0.0
      13.600      0.0
      13.650      0.0
      13.700      0.0
      13.750      0.0
      13.800      0.0
      13.850      0.0
      13.900      0.0
      13.950      0.0
      14.000      0.0
      14.050      0.0
      14.100      0.0
      14.150      0.0
      14.200      0.0
      14.250      0.0
      14.300      0.0
      14.350      0.0
      14.400      0.0
      14.450      0.0
      14.500      0.0
      14.550      0.0
      14.600      0.0
      14.650      0.0
      14.700      0.0
      14.750      0.0
      14.800      0.0
      14.850      0.0
      14.900      0.0
      14.950      0.0
      15.000      0.0
