       0.000     438.48
       0.050     194.27
       0.100     212.86
       0.150     227.98
       0.200     244.88
       0.250     255.32
       0.300     264.18
       0.350     270.74
       0.400     277.80
       0.450     281.42
       0.500     286.95
       0.550     292.05
       0.600     289.89
       0.650     291.68
       0.700     296.74
       0.750     294.76
       0.800     298.81
       0.850     299.63
       0.900     299.43
       0.950     303.40
       1.000     296.50
       1.050     300.92
       1.100     301.73
       1.150     298.78
       1.200     299.56
       1.250     297.60
       1.300     299.70
       1.350     301.18
       1.400     298.77
       1.450     303.34
       1.500     297.99
       1.550     300.85
       1.600     302.22
       1.650     300.67
       1.700     298.64
       1.750     299.53
       1.800     301.06
       1.850     297.43
       1.900     298.29
       1.950     298.49
       2.000     303.39
       2.050     297.46
       2.100     300.53
       2.150     296.90
       2.200     298.69
       2.250     296.24
       2.300     296.76
       2.350     299.61
       2.400     297.37
       2.450     298.15
       2.500     299.64
       2.550     303.83
       2.600     306.66
       2.650     298.20
       2.700     297.87
       2.750     299.05
       2.800     297.72
       2.850     300.35
       2.900     296.63
       2.950     298.39
       3.000     301.33
       3.050     302.67
       3.100     297.57
       3.150     298.64
       3.200     296.00
       3.250     303.11
       3.300     299.63
       3.350     299.36
       3.400     301.62
       3.450     300.89
       3.500     301.23
       3.550     297.11
       3.600     299.97
       3.650     302.51
       3.700     301.96
       3.750     300.50
       3.800     306.38
       3.850     304.84
       3.900     301.54
       3.950     306.20
       4.000     303.76
       4.050     302.81
       4.100     300.50
       4.150     297.65
       4.200     298.29
       4.250     298.85
       4.300     297.24
       4.350     298.33
       4.400     300.21
       4.450     297.63
       4.500     301.15
       4.550     299.05
       4.600     300.79
       4.650     304.77
       4.700     300.89
       4.750     300.98
       4.800     300.41
       4.850     298.73
       4.900     297.51
       4.950     298.96
       5.000     298.51
       5.050     298.58
       5.100     298.68
       5.150     298.41
       5.200     299.80
       5.250     298.09
       5.300     299.34
       5.350     298.70
       5.400     300.72
       5.450     297.95
       5.500     300.28
       5.550     295.95
       5.600     300.36
       5.650     301.62
       5.700     299.53
       5.750     297.83
       5.800     298.51
       5.850     298.63
       5.900     301.08
       5.950     296.29
       6.000     299.63
       6.050     300.76
       6.100     295.45
       6.150     299.68
       6.200     302.07
       6.250     298.20
       6.300     299.34
       6.350     298.59
       6.400     295.73
       6.450     299.21
       6.500     302.04
       6.550     300.89
       6.600     301.53
       6.650     300.03
       6.700     300.35
       6.750     300.90
       6.800     301.60
       6.850     299.27
       6.900     299.95
       6.950     301.82
       7.000     301.31
       7.050     299.72
       7.100     304.04
       7.150     299.18
       7.200     299.48
       7.250     299.37
       7.300     302.73
       7.350     304.34
       7.400     303.39
       7.450     300.35
       7.500     300.26
       7.550     300.03
       7.600     300.45
       7.650     297.23
       7.700     302.59
       7.750     298.08
       7.800     304.24
       7.850     300.51
       7.900     301.74
       7.950     302.38
       8.000     301.01
       8.050     299.20
       8.100     299.71
       8.150     299.12
       8.200     301.12
       8.250     301.21
       8.300     300.59
       8.350     292.88
       8.400     296.98
       8.450     293.62
       8.500     299.55
       8.550     295.28
       8.600     298.03
       8.650     297.83
       8.700     298.31
       8.750     298.95
       8.800     297.25
       8.850     300.70
       8.900     301.01
       8.950     296.28
       9.000     298.41
       9.050     301.91
       9.100     303.27
       9.150     297.81
       9.200     300.92
       9.250     299.59
       9.300     297.71
       9.350     301.94
       9.400     303.68
       9.450     301.30
       9.500     298.81
       9.550     296.74
       9.600     299.17
       9.650     301.21
       9.700     299.02
       9.750     298.43
       9.800     294.97
       9.850     301.17
       9.900     298.19
       9.950     295.15
      10.000     296.20
      10.050     298.14
      10.100     299.98
      10.150     300.76
      10.200     296.41
      10.250     297.12
      10.300     297.37
      10.350     300.72
      10.400     302.89
      10.450     297.99
      10.500     303.14
      10.550     303.64
      10.600     300.50
      10.650     300.26
      10.700     301.67
      10.750     302.63
      10.800     300.03
      10.850     299.86
      10.900     305.08
      10.950     301.60
      11.000     301.73
      11.050     298.51
      11.100     300.38
      11.150     301.07
      11.200     301.82
      11.250     301.06
      11.300     299.08
      11.350     300.88
      11.400     298.16
      11.450     297.01
      11.500     294.35
      11.550     296.42
      11.600     300.60
      11.650     303.35
      11.700     301.89
      11.750     301.87
      11.800     302.95
      11.850     300.98
      11.900     295.55
      11.950     300.64
      12.000     301.13
      12.050     299.03
      12.100     300.42
      12.150     301.45
      12.200     299.05
      12.250     303.61
      12.300     303.60
      12.350     305.42
      12.400     303.96
      12.450     301.75
      12.500     298.11
      12.550     299.55
      12.600     300.30
      12.650     304.56
      12.700     302.11
      12.750     300.61
      12.800     301.22
      12.850     299.12
      12.900     300.98
      12.950     300.19
      13.000     301.02
      13.050     302.77
      13.100     302.19
      13.150     301.41
      13.200     300.24
      13.250     300.19
      13.300     300.20
      13.350     299.60
      13.400     299.14
      13.450     299.63
      13.500     302.06
      13.550     301.48
      13.600     304.18
      13.650     303.18
      13.700     302.09
      13.750     302.29
      13.800     301.77
      13.850     300.89
      13.900     301.04
      13.950     297.14
      14.000     301.15
      14.050     299.84
      14.100     301.02
      14.150     298.26
      14.200     295.14
      14.250     299.21
      14.300     297.04
      14.350     299.50
      14.400     302.12
      14.450     303.16
      14.500     302.81
      14.550     301.94
      14.600     300.46
      14.650     302.87
      14.700     303.56
      14.750     304.36
      14.800     302.75
      14.850     301.61
      14.900     303.95
      14.950     300.73
      15.000     301.06
