       0.000           0.8729
       0.050           0.8729
       0.100           0.8729
       0.150           0.8729
       0.200           0.8729
       0.250           0.8729
       0.300           0.8729
       0.350           0.8729
       0.400           0.8799
       0.450           0.8799
       0.500           0.8799
       0.550           0.8799
       0.600           0.8799
       0.650           0.8799
       0.700           0.8799
       0.750           0.8799
       0.800           0.8799
       0.850           0.8799
       0.900           0.8853
       0.950           0.8853
       1.000           0.8853
       1.050           0.8853
       1.100           0.8853
       1.150           0.8853
       1.200           0.8853
       1.250           0.8853
       1.300           0.8853
       1.350           0.8853
       1.400           0.8853
       1.450           0.8853
       1.500           0.8853
       1.550           0.8853
       1.600           0.8889
       1.650           0.8889
       1.700           0.8889
       1.750           0.8889
       1.800           0.8889
       1.850           0.8889
       1.900           0.8947
       1.950           0.8947
       2.000           0.8954
       2.050           0.8954
       2.100           0.8996
       2.150           0.8996
       2.200           0.9078
       2.250           0.9078
       2.300           0.9078
       2.350           0.9078
       2.400           0.9078
       2.450           0.9078
       2.500           0.9146
       2.550           0.9146
       2.600           0.9198
       2.650           0.9198
       2.700           0.9203
       2.750           0.9203
       2.800           0.9203
       2.850           0.9203
       2.900           0.9240
       2.950           0.9240
       3.000           0.9240
       3.050           0.9240
       3.100           0.9293
       3.150           0.9293
       3.200           0.9293
       3.250           0.9293
       3.300           0.9293
       3.350           0.9293
       3.400           0.9360
       3.450           0.9360
       3.500           0.9360
       3.550           0.9360
       3.600           0.9360
       3.650           0.9360
       3.700           0.9360
       3.750           0.9360
       3.800           0.9383
       3.850           0.9383
       3.900           0.9418
       3.950           0.9418
       4.000           0.9418
       4.050           0.9418
       4.100           0.9488
       4.150           0.9488
       4.200           0.9554
       4.250           0.9554
       4.300           0.9554
       4.350           0.9554
       4.400           0.9554
       4.450           0.9554
       4.500           0.9613
       4.550           0.9613
       4.600           0.9613
       4.650           0.9613
       4.700           0.9613
       4.750           0.9613
       4.800           0.9613
       4.850           0.9613
       4.900           0.9653
       4.950           0.9653
       5.000           0.9667
