       0.000       13268.1937
       0.050        5703.1489
       0.100        6263.5059
       0.150        6718.7988
       0.200        7154.3359
       0.250        7500.2300
       0.300        7791.0991
       0.350        8044.4492
       0.400        8270.3770
       0.450        8446.5791
       0.500        8559.7803
       0.550        8632.5049
       0.600        8609.9424
       0.650        8637.3809
       0.700        8737.7217
       0.750        8708.0537
       0.800        8809.6016
       0.850        8940.0078
       0.900        8972.3311
       0.950        8987.7461
       1.000        9023.5352
       1.050        8950.9365
       1.100        8962.8262
       1.150        8951.8330
       1.200        9024.6211
       1.250        9081.9287
       1.300        9076.1855
       1.350        9076.0137
       1.400        8971.9395
       1.450        8939.1104
       1.500        9050.3604
       1.550        9080.8975
       1.600        9115.1973
       1.650        9103.1143
       1.700        9067.0850
       1.750        9006.2705
       1.800        9034.4092
       1.850        8937.7051
       1.900        8960.7900
       1.950        9048.3457
       2.000        8956.9141
       2.050        9027.9199
       2.100        9081.7520
       2.150        9035.3760
       2.200        8935.7891
       2.250        9166.1221
       2.300        9052.6387
       2.350        9194.7988
       2.400        9093.1729
       2.450        9076.6396
       2.500        9159.3203
       2.550        9038.0391
       2.600        9047.4941
       2.650        9140.1914
       2.700        9033.7900
       2.750        9100.3369
       2.800        9086.9424
       2.850        9102.5586
       2.900        9115.9883
       2.950        9129.5566
       3.000        9128.2969
       3.050        9091.0889
       3.100        9112.0820
       3.150        9131.4365
       3.200        9117.9326
       3.250        9076.0791
       3.300        9115.4385
       3.350        9120.2012
       3.400        9033.2705
       3.450        9248.8301
       3.500        9116.7998
       3.550        9067.2383
       3.600        8925.8730
       3.650        9026.8164
       3.700        8907.7070
       3.750        9137.3018
       3.800        9158.0107
       3.850        9137.6436
       3.900        9131.0400
       3.950        9151.9941
       4.000        9132.8389
       4.050        9038.7949
       4.100        9099.8867
       4.150        9217.6426
       4.200        9139.5244
       4.250        9150.9414
       4.300        9094.0908
       4.350        9251.2539
       4.400        9144.7627
       4.450        9083.9551
       4.500        9149.2754
       4.550        8949.6094
       4.600        9037.2773
       4.650        9000.7920
       4.700        9095.6943
       4.750        9062.6729
       4.800        9140.1836
       4.850        9112.7148
       4.900        9066.1240
       4.950        9109.2471
       5.000        9172.4990
