       0.000      -62274.4194
       0.050      -48770.6626
       0.100      -47776.2751
       0.150      -46920.8494
       0.200      -46256.5528
       0.250      -45657.3839
       0.300      -45374.8586
       0.350      -45101.3812
       0.400      -44874.1297
       0.450      -44741.3953
       0.500      -44447.7990
       0.550      -44196.1047
       0.600      -44043.9719
       0.650      -43871.5975
       0.700      -43728.0361
       0.750      -43584.2047
       0.800      -43507.1965
       0.850      -43487.3495
       0.900      -43374.1671
       0.950      -43328.3700
       1.000      -43196.0657
       1.050      -43091.0220
       1.100      -43113.6528
       1.150      -43005.1695
       1.200      -43055.1164
       1.250      -43013.3645
       1.300      -43013.3192
       1.350      -42940.2911
       1.400      -42981.4242
       1.450      -42938.6194
       1.500      -42973.0068
       1.550      -42943.1815
       1.600      -42874.7707
       1.650      -42883.9527
       1.700      -42819.6095
       1.750      -42778.6793
       1.800      -42806.2325
       1.850      -42788.7726
       1.900      -42846.0594
       1.950      -42864.7465
       2.000      -42807.5148
       2.050      -42798.3270
       2.100      -42787.5039
       2.150      -42789.8756
       2.200      -42632.7789
       2.250      -42809.1689
       2.300      -42727.8114
       2.350      -42811.4776
       2.400      -42798.9445
       2.450      -42844.6306
       2.500      -42929.5403
       2.550      -42970.5335
       2.600      -42992.1885
       2.650      -43180.5753
       2.700      -43029.0645
       2.750      -43059.6801
       2.800      -42999.3454
       2.850      -42986.2146
       2.900      -42929.3890
       2.950      -42917.3895
       3.000      -42941.3761
       3.050      -42904.6149
       3.100      -42893.7736
       3.150      -42997.9043
       3.200      -43054.4757
       3.250      -43002.2013
       3.300      -43222.1428
       3.350      -43278.3832
       3.400      -43271.0669
       3.450      -43388.8618
       3.500      -43186.0431
       3.550      -43131.7527
       3.600      -43005.3354
       3.650      -43109.0895
       3.700      -42993.6790
       3.750      -43154.2278
       3.800      -43208.3434
       3.850      -43111.2973
       3.900      -43083.3920
       3.950      -43170.5577
       4.000      -43207.4690
       4.050      -43053.4407
       4.100      -43209.6968
       4.150      -43342.0998
       4.200      -43297.1964
       4.250      -43371.2819
       4.300      -43310.2599
       4.350      -43417.2855
       4.400      -43342.3847
       4.450      -43315.2135
       4.500      -43381.7690
       4.550      -43336.2359
       4.600      -43496.3935
       4.650      -43461.4210
       4.700      -43583.2259
       4.750      -43498.1345
       4.800      -43512.8441
       4.850      -43499.3174
       4.900      -43454.9800
       4.950      -43555.7348
       5.000      -43582.3163
