       0.000      -49006.2257
       0.050      -43067.5137
       0.100      -41512.7693
       0.150      -40202.0506
       0.200      -39102.2168
       0.250      -38157.1539
       0.300      -37583.7595
       0.350      -37056.9319
       0.400      -36603.7527
       0.450      -36294.8162
       0.500      -35888.0187
       0.550      -35563.5998
       0.600      -35434.0295
       0.650      -35234.2166
       0.700      -34990.3145
       0.750      -34876.1510
       0.800      -34697.5949
       0.850      -34547.3417
       0.900      -34401.8360
       0.950      -34340.6239
       1.000      -34172.5306
       1.050      -34140.0854
       1.100      -34150.8267
       1.150      -34053.3365
       1.200      -34030.4953
       1.250      -33931.4358
       1.300      -33937.1337
       1.350      -33864.2774
       1.400      -34009.4848
       1.450      -33999.5090
       1.500      -33922.6465
       1.550      -33862.2840
       1.600      -33759.5734
       1.650      -33780.8385
       1.700      -33752.5245
       1.750      -33772.4088
       1.800      -33771.8233
       1.850      -33851.0675
       1.900      -33885.2693
       1.950      -33816.4008
       2.000      -33850.6008
       2.050      -33770.4071
       2.100      -33705.7520
       2.150      -33754.4996
       2.200      -33696.9898
       2.250      -33643.0468
       2.300      -33675.1728
       2.350      -33616.6788
       2.400      -33705.7716
       2.450      -33767.9909
       2.500      -33770.2200
       2.550      -33932.4944
       2.600      -33944.6943
       2.650      -34040.3838
       2.700      -33995.2744
       2.750      -33959.3432
       2.800      -33912.4030
       2.850      -33883.6560
       2.900      -33813.4007
       2.950      -33787.8329
       3.000      -33813.0792
       3.050      -33813.5260
       3.100      -33781.6915
       3.150      -33866.4678
       3.200      -33936.5430
       3.250      -33926.1222
       3.300      -34106.7043
       3.350      -34158.1820
       3.400      -34237.7964
       3.450      -34140.0317
       3.500      -34069.2433
       3.550      -34064.5144
       3.600      -34079.4624
       3.650      -34082.2731
       3.700      -34085.9720
       3.750      -34016.9260
       3.800      -34050.3327
       3.850      -33973.6537
       3.900      -33952.3520
       3.950      -34018.5635
       4.000      -34074.6301
       4.050      -34014.6458
       4.100      -34109.8101
       4.150      -34124.4572
       4.200      -34157.6719
       4.250      -34220.3405
       4.300      -34216.1691
       4.350      -34166.0316
       4.400      -34197.6220
       4.450      -34231.2585
       4.500      -34232.4936
       4.550      -34386.6265
       4.600      -34459.1162
       4.650      -34460.6290
       4.700      -34487.5315
       4.750      -34435.4616
       4.800      -34372.6605
       4.850      -34386.6026
       4.900      -34388.8560
       4.950      -34446.4877
       5.000      -34409.8172
