       0.000      0.0
       0.050      0.0
       0.100      0.0
       0.150      0.0
       0.200      0.0
       0.250      0.0
       0.300      0.0
       0.350      0.0
       0.400      0.0
       0.450      0.0
       0.500      0.0
       0.550      0.0
       0.600      0.0
       0.650      0.0
       0.700      0.0
       0.750      0.0
       0.800      0.0
       0.850      0.0
       0.900      0.0
       0.950      0.0
       1.000      0.0
       1.050      0.0
       1.100      0.0
       1.150      0.0
       1.200      0.0
       1.250      0.0
       1.300      0.0
       1.350      0.0
       1.400      0.0
       1.450      0.0
       1.500      0.0
       1.550      0.0
       1.600      0.0
       1.650      0.0
       1.700      0.0
       1.750      0.0
       1.800      0.0
       1.850      0.0
       1.900      0.0
       1.950      0.0
       2.000      0.0
       2.050      0.0
       2.100      0.0
       2.150      0.0
       2.200      0.0
       2.250      0.0
       2.300      0.0
       2.350      0.0
       2.400      0.0
       2.450      0.0
       2.500      0.0
       2.550      0.0
       2.600      0.0
       2.650      0.0
       2.700      0.0
       2.750      0.0
       2.800      0.0
       2.850      0.0
       2.900      0.0
       2.950      0.0
       3.000      0.0
       3.050      0.0
       3.100      0.0
       3.150      0.0
       3.200      0.0
       3.250      0.0
       3.300      0.0
       3.350      0.0
       3.400      0.0
       3.450      0.0
       3.500      0.0
       3.550      0.0
       3.600      0.0
       3.650      0.0
       3.700      0.0
       3.750      0.0
       3.800      0.0
       3.850      0.0
       3.900      0.0
       3.950      0.0
       4.000      0.0
       4.050      0.0
       4.100      0.0
       4.150      0.0
       4.200      0.0
       4.250      0.0
       4.300      0.0
       4.350      0.0
       4.400      0.0
       4.450      0.0
       4.500      0.0
       4.550      0.0
       4.600      0.0
       4.650      0.0
       4.700      0.0
       4.750      0.0
       4.800      0.0
       4.850      0.0
       4.900      0.0
       4.950      0.0
       5.000      0.0
