       0.000     437.84
       0.050     188.20
       0.100     206.69
       0.150     221.72
       0.200     236.09
       0.250     247.50
       0.300     257.10
       0.350     265.46
       0.400     272.92
       0.450     278.73
       0.500     282.47
       0.550     284.87
       0.600     284.12
       0.650     285.03
       0.700     288.34
       0.750     287.36
       0.800     290.71
       0.850     295.01
       0.900     296.08
       0.950     296.59
       1.000     297.77
       1.050     295.37
       1.100     295.77
       1.150     295.40
       1.200     297.81
       1.250     299.70
       1.300     299.51
       1.350     299.50
       1.400     296.07
       1.450     294.98
       1.500     298.66
       1.550     299.66
       1.600     300.80
       1.650     300.40
       1.700     299.21
       1.750     297.20
       1.800     298.13
       1.850     294.94
       1.900     295.70
       1.950     298.59
       2.000     295.57
       2.050     297.91
       2.100     299.69
       2.150     298.16
       2.200     294.87
       2.250     302.48
       2.300     298.73
       2.350     303.42
       2.400     300.07
       2.450     299.52
       2.500     302.25
       2.550     298.25
       2.600     298.56
       2.650     301.62
       2.700     298.11
       2.750     300.30
       2.800     299.86
       2.850     300.38
       2.900     300.82
       2.950     301.27
       3.000     301.23
       3.050     300.00
       3.100     300.69
       3.150     301.33
       3.200     300.89
       3.250     299.50
       3.300     300.80
       3.350     300.96
       3.400     298.09
       3.450     305.20
       3.500     300.85
       3.550     299.21
       3.600     294.55
       3.650     297.88
       3.700     293.95
       3.750     301.52
       3.800     302.21
       3.850     301.54
       3.900     301.32
       3.950     302.01
       4.000     301.38
       4.050     298.27
       4.100     300.29
       4.150     304.18
       4.200     301.60
       4.250     301.97
       4.300     300.10
       4.350     305.28
       4.400     301.77
       4.450     299.76
       4.500     301.92
       4.550     295.33
       4.600     298.22
       4.650     297.02
       4.700     300.15
       4.750     299.06
       4.800     301.62
       4.850     300.71
       4.900     299.18
       4.950     300.60
       5.000     302.69
