       0.000      171966.8335
       0.050      171966.8335
       0.100      171966.8335
       0.150      171966.8335
       0.200      171966.8335
       0.250      171966.8335
       0.300      171966.8335
       0.350      171966.8335
       0.400      170602.5510
       0.450      170602.5510
       0.500      170602.5510
       0.550      170602.5510
       0.600      170602.5510
       0.650      170602.5510
       0.700      170602.5510
       0.750      170602.5510
       0.800      170602.5510
       0.850      170602.5510
       0.900      169569.2972
       0.950      169569.2972
       1.000      169569.2972
       1.050      169569.2972
       1.100      169569.2972
       1.150      169569.2972
       1.200      169569.2972
       1.250      169569.2972
       1.300      169569.2972
       1.350      169569.2972
       1.400      169569.2972
       1.450      169569.2972
       1.500      169569.2972
       1.550      169569.2972
       1.600      168883.3208
       1.650      168883.3208
       1.700      168883.3208
       1.750      168883.3208
       1.800      168883.3208
       1.850      168883.3208
       1.900      167783.6143
       1.950      167783.6143
       2.000      167647.4523
       2.050      167647.4523
       2.100      166864.7189
       2.150      166864.7189
       2.200      165362.9923
       2.250      165362.9923
       2.300      165362.9923
       2.350      165362.9923
       2.400      165362.9923
       2.450      165362.9923
       2.500      164126.1625
       2.550      164126.1625
       2.600      163208.6599
       2.650      163208.6599
       2.700      163116.3225
       2.750      163116.3225
       2.800      163116.3225
       2.850      163116.3225
       2.900      162462.3957
       2.950      162462.3957
       3.000      162462.3957
       3.050      162462.3957
       3.100      161531.8881
       3.150      161531.8881
       3.200      161531.8881
       3.250      161531.8881
       3.300      161531.8881
       3.350      161531.8881
       3.400      160382.2418
       3.450      160382.2418
       3.500      160382.2418
       3.550      160382.2418
       3.600      160382.2418
       3.650      160382.2418
       3.700      160382.2418
       3.750      160382.2418
       3.800      159989.6661
       3.850      159989.6661
       3.900      159399.8171
       3.950      159399.8171
       4.000      159399.8171
       4.050      159399.8171
       4.100      158226.8070
       4.150      158226.8070
       4.200      157120.5202
       4.250      157120.5202
       4.300      157120.5202
       4.350      157120.5202
       4.400      157120.5202
       4.450      157120.5202
       4.500      156154.3738
       4.550      156154.3738
       4.600      156154.3738
       4.650      156154.3738
       4.700      156154.3738
       4.750      156154.3738
       4.800      156154.3738
       4.850      156154.3738
       4.900      155517.5219
       4.950      155517.5219
       5.000      155294.4462
