       5.050           0.9667
       5.100           0.9675
       5.150           0.9675
       5.200           0.9675
       5.250           0.9675
       5.300           0.9675
       5.350           0.9675
       5.400           0.9675
       5.450           0.9675
       5.500           0.9713
       5.550           0.9713
       5.600           0.9713
       5.650           0.9713
       5.700           0.9750
       5.750           0.9750
       5.800           0.9747
       5.850           0.9747
       5.900           0.9747
       5.950           0.9747
       6.000           0.9747
       6.050           0.9747
       6.100           0.9752
       6.150           0.9752
       6.200           0.9752
       6.250           0.9752
       6.300           0.9752
       6.350           0.9752
       6.400           0.9752
       6.450           0.9752
       6.500           0.9752
       6.550           0.9752
       6.600           0.9752
       6.650           0.9752
       6.700           0.9752
       6.750           0.9752
       6.800           0.9752
       6.850           0.9752
       6.900           0.9752
       6.950           0.9752
       7.000           0.9752
       7.050           0.9752
       7.100           0.9745
       7.150           0.9745
       7.200           0.9745
       7.250           0.9745
       7.300           0.9776
       7.350           0.9776
       7.400           0.9776
       7.450           0.9776
       7.500           0.9805
       7.550           0.9805
       7.600           0.9825
       7.650           0.9825
       7.700           0.9825
       7.750           0.9825
       7.800           0.9825
       7.850           0.9825
       7.900           0.9825
       7.950           0.9825
       8.000           0.9825
       8.050           0.9825
       8.100           0.9825
       8.150           0.9825
       8.200           0.9833
       8.250           0.9833
       8.300           0.9833
       8.350           0.9833
       8.400           0.9833
       8.450           0.9833
       8.500           0.9864
       8.550           0.9864
       8.600           0.9928
       8.650           0.9928
       8.700           0.9928
       8.750           0.9928
       8.800           0.9940
       8.850           0.9940
       8.900           0.9970
       8.950           0.9970
       9.000           0.9970
       9.050           0.9970
       9.100           0.9994
       9.150           0.9994
       9.200           0.9981
       9.250           0.9981
       9.300           0.9981
       9.350           0.9981
       9.400           1.0020
       9.450           1.0020
       9.500           1.0020
       9.550           1.0020
       9.600           1.0020
       9.650           1.0020
       9.700           1.0020
       9.750           1.0020
       9.800           0.9995
       9.850           0.9995
       9.900           0.9995
       9.950           0.9995
      10.000           0.9995
