       5.050        9209.3252
       5.100        9209.0537
       5.150        9227.1904
       5.200        9443.4385
       5.250        9349.4629
       5.300        9286.3701
       5.350        9305.5234
       5.400        9349.7803
       5.450        9275.7871
       5.500        9232.3965
       5.550        9170.9873
       5.600        9176.1211
       5.650        9060.2373
       5.700        9152.9941
       5.750        9194.0215
       5.800        9228.8350
       5.850        9195.3252
       5.900        9060.2285
       5.950        9102.1152
       6.000        9196.3740
       6.050        9108.5400
       6.100        9207.4375
       6.150        9188.5605
       6.200        9101.4883
       6.250        9180.6885
       6.300        9086.4639
       6.350        9153.1260
       6.400        9092.5166
       6.450        9075.5938
       6.500        9057.5986
       6.550        8961.9141
       6.600        9276.7139
       6.650        9196.4062
       6.700        9093.3330
       6.750        9080.5088
       6.800        9186.1094
       6.850        9270.6748
       6.900        9114.9512
       6.950        9016.9805
       7.000        9116.3750
       7.050        9175.3252
       7.100        9042.1748
       7.150        9216.0723
       7.200        9144.4238
       7.250        9097.1123
       7.300        9069.6895
       7.350        9149.4277
       7.400        9037.3389
       7.450        9036.0576
       7.500        8970.1709
       7.550        9073.3213
       7.600        9203.8252
       7.650        9129.0117
       7.700        9160.2803
       7.750        9128.2969
       7.800        9108.8496
       7.850        9070.3926
       7.900        9064.4434
       7.950        9051.8848
       8.000        9060.5039
       8.050        9062.9521
       8.100        8995.0254
       8.150        9095.5273
       8.200        9187.1455
       8.250        9080.4189
       8.300        9138.8350
       8.350        9071.8193
       8.400        9158.9424
       8.450        9160.7988
       8.500        9014.8789
       8.550        9170.7842
       8.600        9096.5977
       8.650        9203.3711
       8.700        9151.6689
       8.750        9079.5039
       8.800        9102.7549
       8.850        9106.9072
       8.900        9085.6914
       8.950        9187.1836
       9.000        9062.3125
       9.050        9157.3447
       9.100        9102.7012
       9.150        9077.0547
       9.200        9008.6006
       9.250        9034.6572
       9.300        9076.8789
       9.350        8940.5850
       9.400        9071.0762
       9.450        9099.6455
       9.500        9088.9863
       9.550        9035.0430
       9.600        9133.0557
       9.650        9157.7383
       9.700        9084.9268
       9.750        9037.4922
       9.800        9136.7021
       9.850        9051.6572
       9.900        9043.2646
       9.950        9045.9014
      10.000        9010.3535
