       5.050      -42245.0582
       5.100      -42497.5095
       5.150      -42602.1974
       5.200      -42924.5896
       5.250      -43008.6864
       5.300      -43091.1787
       5.350      -43108.7934
       5.400      -43193.5172
       5.450      -43258.9922
       5.500      -43252.0019
       5.550      -43339.2706
       5.600      -43435.1314
       5.650      -43278.7096
       5.700      -43405.8875
       5.750      -43440.2937
       5.800      -43457.2795
       5.850      -43460.9593
       5.900      -43353.6521
       5.950      -43348.3643
       6.000      -43406.2619
       6.050      -43358.8012
       6.100      -43472.8578
       6.150      -43421.5739
       6.200      -43357.1553
       6.250      -43475.2609
       6.300      -43461.4409
       6.350      -43548.9141
       6.400      -43508.4178
       6.450      -43492.6152
       6.500      -43535.3180
       6.550      -43470.8231
       6.600      -43579.1344
       6.650      -43458.4351
       6.700      -43424.8763
       6.750      -43340.0241
       6.800      -43341.5901
       6.850      -43367.6851
       6.900      -43271.6676
       6.950      -43377.1002
       7.000      -43491.5073
       7.050      -43550.0402
       7.100      -43485.0982
       7.150      -43647.0216
       7.200      -43550.2417
       7.250      -43659.6766
       7.300      -43615.7998
       7.350      -43828.8987
       7.400      -43761.3886
       7.450      -43680.8966
       7.500      -43651.4587
       7.550      -43702.2660
       7.600      -43757.1041
       7.650      -43693.9935
       7.700      -43796.8389
       7.750      -43747.5389
       7.800      -43753.4103
       7.850      -43705.9502
       7.900      -43569.0949
       7.950      -43644.6767
       8.000      -43698.3765
       8.050      -43717.4253
       8.100      -43646.4135
       8.150      -43727.3566
       8.200      -43760.0288
       8.250      -43686.3375
       8.300      -43814.5691
       8.350      -43694.3099
       8.400      -43690.0616
       8.450      -43647.1740
       8.500      -43540.8434
       8.550      -43796.5801
       8.600      -43843.9239
       8.650      -43931.5868
       8.700      -43879.2670
       8.750      -43881.2585
       8.800      -43995.4298
       8.850      -44063.4340
       8.900      -44008.6541
       8.950      -44100.0350
       9.000      -43925.9242
       9.050      -43956.9152
       9.100      -43995.5332
       9.150      -43854.3905
       9.200      -43879.7805
       9.250      -43934.9224
       9.300      -43985.3039
       9.350      -43785.7864
       9.400      -43784.0467
       9.450      -43877.9276
       9.500      -43924.6400
       9.550      -43907.1197
       9.600      -43928.2085
       9.650      -43938.6402
       9.700      -43878.3496
       9.750      -43942.5955
       9.800      -43995.3014
       9.850      -43951.0462
       9.900      -43909.2278
       9.950      -43851.9309
      10.000      -43918.4593
