       5.050      -33035.7330
       5.100      -33288.4558
       5.150      -33375.0069
       5.200      -33481.1511
       5.250      -33659.2235
       5.300      -33804.8086
       5.350      -33803.2699
       5.400      -33843.7369
       5.450      -33983.2051
       5.500      -34019.6054
       5.550      -34168.2833
       5.600      -34259.0103
       5.650      -34218.4723
       5.700      -34252.8934
       5.750      -34246.2722
       5.800      -34228.4445
       5.850      -34265.6341
       5.900      -34293.4236
       5.950      -34246.2491
       6.000      -34209.8879
       6.050      -34250.2611
       6.100      -34265.4203
       6.150      -34233.0134
       6.200      -34255.6670
       6.250      -34294.5724
       6.300      -34374.9770
       6.350      -34395.7881
       6.400      -34415.9012
       6.450      -34417.0214
       6.500      -34477.7194
       6.550      -34508.9090
       6.600      -34302.4205
       6.650      -34262.0289
       6.700      -34331.5433
       6.750      -34259.5153
       6.800      -34155.4808
       6.850      -34097.0103
       6.900      -34156.7164
       6.950      -34360.1198
       7.000      -34375.1323
       7.050      -34374.7150
       7.100      -34442.9234
       7.150      -34430.9493
       7.200      -34405.8179
       7.250      -34562.5643
       7.300      -34546.1103
       7.350      -34679.4709
       7.400      -34724.0498
       7.450      -34644.8390
       7.500      -34681.2878
       7.550      -34628.9447
       7.600      -34553.2789
       7.650      -34564.9818
       7.700      -34636.5586
       7.750      -34619.2420
       7.800      -34644.5607
       7.850      -34635.5577
       7.900      -34504.6515
       7.950      -34592.7920
       8.000      -34637.8726
       8.050      -34654.4731
       8.100      -34651.3881
       8.150      -34631.8292
       8.200      -34572.8833
       8.250      -34605.9185
       8.300      -34675.7341
       8.350      -34622.4906
       8.400      -34531.1192
       8.450      -34486.3751
       8.500      -34525.9645
       8.550      -34625.7959
       8.600      -34747.3263
       8.650      -34728.2157
       8.700      -34727.5981
       8.750      -34801.7546
       8.800      -34892.6749
       8.850      -34956.5268
       8.900      -34922.9626
       8.950      -34912.8514
       9.000      -34863.6117
       9.050      -34799.5705
       9.100      -34892.8321
       9.150      -34777.3358
       9.200      -34871.1799
       9.250      -34900.2652
       9.300      -34908.4249
       9.350      -34845.2014
       9.400      -34712.9705
       9.450      -34778.2821
       9.500      -34835.6536
       9.550      -34872.0767
       9.600      -34795.1529
       9.650      -34780.9019
       9.700      -34793.4229
       9.750      -34905.1033
       9.800      -34858.5992
       9.850      -34899.3890
       9.900      -34865.9632
       9.950      -34806.0295
      10.000      -34908.1058
