       5.050     303.90
       5.100     303.89
       5.150     304.49
       5.200     311.63
       5.250     308.53
       5.300     306.44
       5.350     307.08
       5.400     308.54
       5.450     306.09
       5.500     304.66
       5.550     302.64
       5.600     302.81
       5.650     298.98
       5.700     302.04
       5.750     303.40
       5.800     304.55
       5.850     303.44
       5.900     298.98
       5.950     300.36
       6.000     303.47
       6.050     300.58
       6.100     303.84
       6.150     303.22
       6.200     300.34
       6.250     302.96
       6.300     299.85
       6.350     302.05
       6.400     300.05
       6.450     299.49
       6.500     298.89
       6.550     295.74
       6.600     306.12
       6.650     303.47
       6.700     300.07
       6.750     299.65
       6.800     303.14
       6.850     305.93
       6.900     300.79
       6.950     297.55
       7.000     300.83
       7.050     302.78
       7.100     298.39
       7.150     304.12
       7.200     301.76
       7.250     300.20
       7.300     299.29
       7.350     301.92
       7.400     298.23
       7.450     298.18
       7.500     296.01
       7.550     299.41
       7.600     303.72
       7.650     301.25
       7.700     302.28
       7.750     301.23
       7.800     300.59
       7.850     299.32
       7.900     299.12
       7.950     298.71
       8.000     298.99
       8.050     299.07
       8.100     296.83
       8.150     300.15
       8.200     303.17
       8.250     299.65
       8.300     301.58
       8.350     299.36
       8.400     302.24
       8.450     302.30
       8.500     297.48
       8.550     302.63
       8.600     300.18
       8.650     303.70
       8.700     302.00
       8.750     299.62
       8.800     300.38
       8.850     300.52
       8.900     299.82
       8.950     303.17
       9.000     299.05
       9.050     302.19
       9.100     300.38
       9.150     299.54
       9.200     297.28
       9.250     298.14
       9.300     299.53
       9.350     295.03
       9.400     299.34
       9.450     300.28
       9.500     299.93
       9.550     298.15
       9.600     301.38
       9.650     302.20
       9.700     299.80
       9.750     298.23
       9.800     301.50
       9.850     298.70
       9.900     298.42
       9.950     298.51
      10.000     297.34
