       5.050      155294.4464
       5.100      155157.5835
       5.150      155157.5835
       5.200      155157.5835
       5.250      155157.5835
       5.300      155157.5835
       5.350      155157.5835
       5.400      155157.5835
       5.450      155157.5835
       5.500      154559.1132
       5.550      154559.1132
       5.600      154559.1132
       5.650      154559.1132
       5.700      153959.3182
       5.750      153959.3182
       5.800      154020.1847
       5.850      154020.1847
       5.900      154020.1847
       5.950      154020.1847
       6.000      154020.1847
       6.050      154020.1847
       6.100      153927.8147
       6.150      153927.8147
       6.200      153927.8147
       6.250      153927.8147
       6.300      153927.8147
       6.350      153927.8147
       6.400      153927.8147
       6.450      153927.8147
       6.500      153927.8147
       6.550      153927.8147
       6.600      153927.8147
       6.650      153927.8147
       6.700      153927.8147
       6.750      153927.8147
       6.800      153927.8147
       6.850      153927.8147
       6.900      153927.8147
       6.950      153927.8147
       7.000      153927.8147
       7.050      153927.8147
       7.100      154040.2979
       7.150      154040.2979
       7.200      154040.2979
       7.250      154040.2979
       7.300      153560.2887
       7.350      153560.2887
       7.400      153560.2887
       7.450      153560.2887
       7.500      153100.6250
       7.550      153100.6250
       7.600      152784.4857
       7.650      152784.4857
       7.700      152784.4857
       7.750      152784.4857
       7.800      152784.4857
       7.850      152784.4857
       7.900      152784.4857
       7.950      152784.4857
       8.000      152784.4857
       8.050      152784.4857
       8.100      152784.4857
       8.150      152784.4857
       8.200      152674.1838
       8.250      152674.1838
       8.300      152674.1838
       8.350      152674.1838
       8.400      152674.1838
       8.450      152674.1838
       8.500      152194.4744
       8.550      152194.4744
       8.600      151199.2961
       8.650      151199.2961
       8.700      151199.2961
       8.750      151199.2961
       8.800      151021.5623
       8.850      151021.5623
       8.900      150568.4005
       8.950      150568.4005
       9.000      150568.4005
       9.050      150568.4005
       9.100      150206.4704
       9.150      150206.4704
       9.200      150402.1731
       9.250      150402.1731
       9.300      150402.1731
       9.350      150402.1731
       9.400      149816.4980
       9.450      149816.4980
       9.500      149816.4980
       9.550      149816.4980
       9.600      149816.4980
       9.650      149816.4980
       9.700      149816.4980
       9.750      149816.4980
       9.800      150194.2333
       9.850      150194.2333
       9.900      150194.2333
       9.950      150194.2333
      10.000      150194.2333
