      10.050           0.9995
      10.100           0.9995
      10.150           0.9995
      10.200           0.9995
      10.250           0.9995
      10.300           0.9995
      10.350           0.9995
      10.400           0.9995
      10.450           0.9995
      10.500           1.0049
      10.550           1.0049
      10.600           1.0075
      10.650           1.0075
      10.700           1.0075
      10.750           1.0075
      10.800           1.0075
      10.850           1.0075
      10.900           1.0075
      10.950           1.0075
      11.000           1.0075
      11.050           1.0075
      11.100           1.0075
      11.150           1.0075
      11.200           1.0075
      11.250           1.0075
      11.300           1.0075
      11.350           1.0075
      11.400           1.0075
      11.450           1.0075
      11.500           1.0075
      11.550           1.0075
      11.600           1.0075
      11.650           1.0075
      11.700           1.0134
      11.750           1.0134
      11.800           1.0134
      11.850           1.0134
      11.900           1.0134
      11.950           1.0134
      12.000           1.0173
      12.050           1.0173
      12.100           1.0173
      12.150           1.0173
      12.200           1.0173
      12.250           1.0173
      12.300           1.0173
      12.350           1.0173
      12.400           1.0210
      12.450           1.0210
      12.500           1.0189
      12.550           1.0189
      12.600           1.0189
      12.650           1.0189
      12.700           1.0189
      12.750           1.0189
      12.800           1.0189
      12.850           1.0189
      12.900           1.0189
      12.950           1.0189
      13.000           1.0189
      13.050           1.0189
      13.100           1.0189
      13.150           1.0189
      13.200           1.0189
      13.250           1.0189
      13.300           1.0189
      13.350           1.0189
      13.400           1.0189
      13.450           1.0189
      13.500           1.0189
      13.550           1.0189
      13.600           1.0189
      13.650           1.0189
      13.700           1.0189
      13.750           1.0189
      13.800           1.0189
      13.850           1.0189
      13.900           1.0189
      13.950           1.0189
      14.000           1.0189
      14.050           1.0189
      14.100           1.0198
      14.150           1.0198
      14.200           1.0198
      14.250           1.0198
      14.300           1.0202
      14.350           1.0202
      14.400           1.0202
      14.450           1.0202
      14.500           1.0202
      14.550           1.0202
      14.600           1.0202
      14.650           1.0202
      14.700           1.0192
      14.750           1.0192
      14.800           1.0192
      14.850           1.0192
      14.900           1.0192
      14.950           1.0192
      15.000           1.0192
      15.050           1.0192
      15.100           1.0203
      15.150           1.0203
      15.200           1.0229
      15.250           1.0229
      15.300           1.0229
      15.350           1.0229
      15.400           1.0229
      15.450           1.0229
      15.500           1.0229
      15.550           1.0229
      15.600           1.0229
      15.650           1.0229
      15.700           1.0229
      15.750           1.0229
      15.800           1.0276
      15.850           1.0276
      15.900           1.0280
      15.950           1.0280
      16.000           1.0280
      16.050           1.0280
      16.100           1.0280
      16.150           1.0280
      16.200           1.0280
      16.250           1.0280
      16.300           1.0280
      16.350           1.0280
      16.400           1.0280
      16.450           1.0280
      16.500           1.0280
      16.550           1.0280
      16.600           1.0280
      16.650           1.0280
      16.700           1.0303
      16.750           1.0303
      16.800           1.0303
      16.850           1.0303
      16.900           1.0303
      16.950           1.0303
      17.000           1.0303
      17.050           1.0303
      17.100           1.0303
      17.150           1.0303
      17.200           1.0290
      17.250           1.0290
      17.300           1.0290
      17.350           1.0290
      17.400           1.0336
      17.450           1.0336
      17.500           1.0336
      17.550           1.0336
      17.600           1.0336
      17.650           1.0336
      17.700           1.0301
      17.750           1.0301
      17.800           1.0301
      17.850           1.0301
      17.900           1.0301
      17.950           1.0301
      18.000           1.0301
      18.050           1.0301
      18.100           1.0301
      18.150           1.0301
      18.200           1.0357
      18.250           1.0357
      18.300           1.0357
      18.350           1.0357
      18.400           1.0357
      18.450           1.0357
      18.500           1.0357
      18.550           1.0357
      18.600           1.0364
      18.650           1.0364
      18.700           1.0364
      18.750           1.0364
      18.800           1.0364
      18.850           1.0364
      18.900           1.0364
      18.950           1.0364
      19.000           1.0364
      19.050           1.0364
      19.100           1.0364
      19.150           1.0364
      19.200           1.0364
      19.250           1.0364
      19.300           1.0364
      19.350           1.0364
      19.400           1.0375
      19.450           1.0375
      19.500           1.0375
      19.550           1.0375
      19.600           1.0375
      19.650           1.0375
      19.700           1.0390
      19.750           1.0390
      19.800           1.0390
      19.850           1.0390
      19.900           1.0390
      19.950           1.0390
      20.000           1.0390
