      10.050        8998.4590
      10.100        9138.9785
      10.150        9051.9121
      10.200        9048.4688
      10.250        9022.2666
      10.300        9069.8652
      10.350        8981.1445
      10.400        9076.3789
      10.450        9049.9971
      10.500        8969.9463
      10.550        9016.1523
      10.600        9011.5498
      10.650        8987.2754
      10.700        9060.9512
      10.750        8980.1064
      10.800        9005.5791
      10.850        9059.6064
      10.900        9070.6895
      10.950        9087.7793
      11.000        9114.2656
      11.050        9170.5273
      11.100        9111.7363
      11.150        9001.5840
      11.200        9159.0225
      11.250        9076.7324
      11.300        9139.0498
      11.350        9136.5664
      11.400        9145.4287
      11.450        9054.8486
      11.500        9140.5996
      11.550        9145.6973
      11.600        9134.3018
      11.650        9106.2158
      11.700        9222.2939
      11.750        9157.7119
      11.800        9135.1680
      11.850        9161.9053
      11.900        9140.4131
      11.950        9183.0908
      12.000        9034.5293
      12.050        9189.6143
      12.100        9053.7881
      12.150        8940.0703
      12.200        8987.8164
      12.250        9042.0117
      12.300        9011.6221
      12.350        9154.4482
      12.400        9087.2559
      12.450        9148.3330
      12.500        9093.1816
      12.550        9140.0850
      12.600        9119.8379
      12.650        9076.4941
      12.700        9035.2539
      12.750        9102.1328
      12.800        9173.2920
      12.850        9200.9170
      12.900        9105.6924
      12.950        9054.4238
      13.000        9178.2080
      13.050        9103.2266
      13.100        8992.3584
      13.150        9129.7090
      13.200        9077.8945
      13.250        9090.9336
      13.300        9082.2266
      13.350        9065.5244
      13.400        9153.0498
      13.450        9144.3369
      13.500        9095.6729
      13.550        9161.2754
      13.600        9098.1152
      13.650        9154.3691
      13.700        9066.6260
      13.750        9119.1895
      13.800        9054.8037
      13.850        8932.9688
      13.900        9010.8838
      13.950        9110.0195
      14.000        9185.3906
      14.050        9022.9736
      14.100        9067.4160
      14.150        9163.6377
      14.200        9116.8330
      14.250        9092.8203
      14.300        9222.8613
      14.350        9150.1592
      14.400        9161.9297
      14.450        9096.3594
      14.500        9144.6182
      14.550        9204.9141
      14.600        9198.6729
      14.650        9154.6436
      14.700        9152.7227
      14.750        9189.8916
      14.800        9122.7900
      14.850        9185.9688
      14.900        9174.5107
      14.950        9233.2090
      15.000        9206.6787
      15.050        9113.2744
      15.100        9116.4531
      15.150        9161.8887
      15.200        9151.9023
      15.250        9110.7842
      15.300        9034.7295
      15.350        9152.4775
      15.400        9092.8955
      15.450        9056.1494
      15.500        9066.4668
      15.550        9143.3701
      15.600        8998.4375
      15.650        9043.8525
      15.700        9138.7354
      15.750        9017.6992
      15.800        9065.3818
      15.850        9227.1768
      15.900        9081.2627
      15.950        8985.9053
      16.000        9061.3252
      16.050        9135.5859
      16.100        9110.1113
      16.150        9092.5215
      16.200        9233.9062
      16.250        9197.6982
      16.300        9044.7158
      16.350        9117.1963
      16.400        9118.9209
      16.450        9129.7520
      16.500        9139.9619
      16.550        9184.0537
      16.600        9106.3604
      16.650        9077.6934
      16.700        9021.3584
      16.750        8967.4775
      16.800        9080.8164
      16.850        9231.3252
      16.900        9050.7344
      16.950        9182.6377
      17.000        9192.0068
      17.050        9105.4932
      17.100        9217.5254
      17.150        9095.4561
      17.200        9120.1152
      17.250        9167.3848
      17.300        9222.2695
      17.350        9068.5918
      17.400        9095.8779
      17.450        9047.3789
      17.500        9069.9229
      17.550        9161.7500
      17.600        9023.2080
      17.650        9142.0840
      17.700        9082.5186
      17.750        9127.4287
      17.800        9102.4102
      17.850        9224.6719
      17.900        9149.6250
      17.950        9175.5283
      18.000        9162.7080
      18.050        9163.6338
      18.100        9062.3203
      18.150        9071.2949
      18.200        9028.3799
      18.250        9162.0381
      18.300        9167.4824
      18.350        9194.0547
      18.400        9050.0938
      18.450        9152.5928
      18.500        8955.1240
      18.550        9020.1670
      18.600        9036.1426
      18.650        9103.2900
      18.700        9058.2402
      18.750        8927.0371
      18.800        9104.4434
      18.850        9032.4775
      18.900        9097.5889
      18.950        8922.3125
      19.000        8974.8398
      19.050        8945.6748
      19.100        8991.1543
      19.150        9004.3320
      19.200        8976.3545
      19.250        9048.7393
      19.300        9064.0801
      19.350        9011.5635
      19.400        8999.2646
      19.450        8997.7266
      19.500        9107.0586
      19.550        9165.8115
      19.600        9158.0996
      19.650        9203.7432
      19.700        9133.7158
      19.750        9021.8193
      19.800        9130.7266
      19.850        9145.8291
      19.900        9104.2705
      19.950        9096.3672
      20.000        9130.6299
