      10.050      -43858.8707
      10.100      -43936.1632
      10.150      -43850.2285
      10.200      -43879.7585
      10.250      -43912.0340
      10.300      -43959.6939
      10.350      -43898.8476
      10.400      -43975.9512
      10.450      -43972.2652
      10.500      -43992.4930
      10.550      -44071.3012
      10.600      -44006.4822
      10.650      -44058.9729
      10.700      -44034.9767
      10.750      -43990.3310
      10.800      -43946.6001
      10.850      -43934.7063
      10.900      -44029.1439
      10.950      -43992.5511
      11.000      -43918.4484
      11.050      -43982.3899
      11.100      -43891.9663
      11.150      -43950.8264
      11.200      -44061.8383
      11.250      -44034.4719
      11.300      -43980.9699
      11.350      -43924.0017
      11.400      -43909.5007
      11.450      -43861.7517
      11.500      -43920.5258
      11.550      -43950.2252
      11.600      -43923.9862
      11.650      -43877.4823
      11.700      -43953.0413
      11.750      -43891.2955
      11.800      -43847.0453
      11.850      -43857.8802
      11.900      -43933.5393
      11.950      -44039.5539
      12.000      -44068.7055
      12.050      -44251.5889
      12.100      -44181.1844
      12.150      -44144.2913
      12.200      -44160.0813
      12.250      -44162.3967
      12.300      -44170.1287
      12.350      -44248.1551
      12.400      -44135.5706
      12.450      -44100.6197
      12.500      -44094.4532
      12.550      -44225.7569
      12.600      -44205.5273
      12.650      -44116.1247
      12.700      -44070.7200
      12.750      -44144.7218
      12.800      -44045.1800
      12.850      -44005.5183
      12.900      -44001.6456
      12.950      -44062.4708
      13.000      -44167.3591
      13.050      -44184.4844
      13.100      -44044.5238
      13.150      -44305.4935
      13.200      -44144.0040
      13.250      -44186.7464
      13.300      -44098.1678
      13.350      -44171.7261
      13.400      -44230.2075
      13.450      -44038.8287
      13.500      -44033.4787
      13.550      -44071.8990
      13.600      -44010.7407
      13.650      -44125.0347
      13.700      -44016.8811
      13.750      -44128.4519
      13.800      -44101.4855
      13.850      -44031.3582
      13.900      -43978.6797
      13.950      -44073.2459
      14.000      -44090.6638
      14.050      -43944.6662
      14.100      -43996.3510
      14.150      -43993.7170
      14.200      -44008.8321
      14.250      -43987.8922
      14.300      -44039.4497
      14.350      -43997.2084
      14.400      -43961.3420
      14.450      -43972.9206
      14.500      -44062.7554
      14.550      -44105.5099
      14.600      -44008.8567
      14.650      -43945.5668
      14.700      -43962.0375
      14.750      -43957.1262
      14.800      -43992.9085
      14.850      -44037.7032
      14.900      -44014.7743
      14.950      -44096.6409
      15.000      -44089.7584
      15.050      -43939.8168
      15.100      -43958.2437
      15.150      -44042.6259
      15.200      -44052.5298
      15.250      -44048.5190
      15.300      -43955.8572
      15.350      -44026.4422
      15.400      -44033.7351
      15.450      -44067.4393
      15.500      -43991.6343
      15.550      -44221.5706
      15.600      -44176.5875
      15.650      -44196.5034
      15.700      -44153.7354
      15.750      -44081.7379
      15.800      -44278.5519
      15.850      -44317.7763
      15.900      -44133.5164
      15.950      -44094.8898
      16.000      -44174.4760
      16.050      -44185.8341
      16.100      -44090.0614
      16.150      -44060.5773
      16.200      -44224.0438
      16.250      -44189.5780
      16.300      -44054.5093
      16.350      -44216.0291
      16.400      -44083.1879
      16.450      -44183.5553
      16.500      -44136.1008
      16.550      -44234.4389
      16.600      -44100.7173
      16.650      -44158.2730
      16.700      -44242.1952
      16.750      -44236.7155
      16.800      -44173.9958
      16.850      -44230.8997
      16.900      -43992.7002
      16.950      -44102.8098
      17.000      -44098.1260
      17.050      -44027.5955
      17.100      -44006.4908
      17.150      -44059.5808
      17.200      -44098.0791
      17.250      -44128.0108
      17.300      -44148.2980
      17.350      -44120.5929
      17.400      -44084.7233
      17.450      -44105.8418
      17.500      -44129.2116
      17.550      -44177.7437
      17.600      -44096.8513
      17.650      -44209.3454
      17.700      -44210.5209
      17.750      -44241.1887
      17.800      -44128.8117
      17.850      -44169.5347
      17.900      -44102.0966
      17.950      -44158.1923
      18.000      -44251.3732
      18.050      -44233.8171
      18.100      -44243.8892
      18.150      -44228.8017
      18.200      -44283.3201
      18.250      -44275.8233
      18.300      -44283.6950
      18.350      -44272.4339
      18.400      -44217.1786
      18.450      -44398.1737
      18.500      -44229.2497
      18.550      -44217.6433
      18.600      -44247.7446
      18.650      -44338.4287
      18.700      -44409.8308
      18.750      -44238.1642
      18.800      -44351.6816
      18.850      -44370.1870
      18.900      -44490.0080
      18.950      -44378.2754
      19.000      -44426.4472
      19.050      -44439.0551
      19.100      -44387.3617
      19.150      -44305.2527
      19.200      -44378.0834
      19.250      -44377.3555
      19.300      -44454.8294
      19.350      -44373.6651
      19.400      -44432.7238
      19.450      -44252.3149
      19.500      -44312.5002
      19.550      -44271.5796
      19.600      -44285.2802
      19.650      -44281.4538
      19.700      -44327.3692
      19.750      -44343.9836
      19.800      -44337.0152
      19.850      -44268.8477
      19.900      -44302.4511
      19.950      -44227.0208
      20.000      -44270.6959
