      10.050      -34860.4117
      10.100      -34797.1846
      10.150      -34798.3164
      10.200      -34831.2897
      10.250      -34889.7674
      10.300      -34889.8287
      10.350      -34917.7030
      10.400      -34899.5723
      10.450      -34922.2682
      10.500      -35022.5467
      10.550      -35055.1489
      10.600      -34994.9324
      10.650      -35071.6975
      10.700      -34974.0255
      10.750      -35010.2245
      10.800      -34941.0210
      10.850      -34875.0998
      10.900      -34958.4544
      10.950      -34904.7718
      11.000      -34804.1828
      11.050      -34811.8626
      11.100      -34780.2300
      11.150      -34949.2424
      11.200      -34902.8158
      11.250      -34957.7395
      11.300      -34841.9201
      11.350      -34787.4353
      11.400      -34764.0720
      11.450      -34806.9031
      11.500      -34779.9262
      11.550      -34804.5279
      11.600      -34789.6844
      11.650      -34771.2665
      11.700      -34730.7474
      11.750      -34733.5835
      11.800      -34711.8773
      11.850      -34695.9749
      11.900      -34793.1262
      11.950      -34856.4631
      12.000      -35034.1762
      12.050      -35061.9747
      12.100      -35127.3963
      12.150      -35204.2209
      12.200      -35172.2649
      12.250      -35120.3850
      12.300      -35158.5067
      12.350      -35093.7068
      12.400      -35048.3147
      12.450      -34952.2867
      12.500      -35001.2716
      12.550      -35085.6720
      12.600      -35085.6894
      12.650      -35039.6306
      12.700      -35035.4661
      12.750      -35042.5890
      12.800      -34871.8880
      12.850      -34804.6013
      12.900      -34895.9532
      12.950      -35008.0470
      13.000      -34989.1511
      13.050      -35081.2579
      13.100      -35052.1654
      13.150      -35175.7846
      13.200      -35066.1095
      13.250      -35095.8128
      13.300      -35015.9412
      13.350      -35106.2017
      13.400      -35077.1577
      13.450      -34894.4918
      13.500      -34937.8059
      13.550      -34910.6236
      13.600      -34912.6254
      13.650      -34970.6655
      13.700      -34950.2551
      13.750      -35009.2625
      13.800      -35046.6817
      13.850      -35098.3895
      13.900      -34967.7959
      13.950      -34963.2264
      14.000      -34905.2731
      14.050      -34921.6926
      14.100      -34928.9350
      14.150      -34830.0793
      14.200      -34891.9991
      14.250      -34895.0719
      14.300      -34816.5884
      14.350      -34847.0492
      14.400      -34799.4123
      14.450      -34876.5612
      14.500      -34918.1372
      14.550      -34900.5958
      14.600      -34810.1838
      14.650      -34790.9232
      14.700      -34809.3148
      14.750      -34767.2346
      14.800      -34870.1185
      14.850      -34851.7344
      14.900      -34840.2636
      14.950      -34863.4319
      15.000      -34883.0796
      15.050      -34826.5423
      15.100      -34841.7906
      15.150      -34880.7373
      15.200      -34900.6274
      15.250      -34937.7348
      15.300      -34921.1277
      15.350      -34873.9647
      15.400      -34940.8396
      15.450      -35011.2899
      15.500      -34925.1675
      15.550      -35078.2005
      15.600      -35178.1500
      15.650      -35152.6508
      15.700      -35015.0000
      15.750      -35064.0387
      15.800      -35213.1701
      15.850      -35090.5995
      15.900      -35052.2537
      15.950      -35108.9846
      16.000      -35113.1508
      16.050      -35050.2482
      16.100      -34979.9501
      16.150      -34968.0558
      16.200      -34990.1376
      16.250      -34991.8798
      16.300      -35009.7935
      16.350      -35098.8328
      16.400      -34964.2670
      16.450      -35053.8033
      16.500      -34996.1389
      16.550      -35050.3852
      16.600      -34994.3569
      16.650      -35080.5797
      16.700      -35220.8368
      16.750      -35269.2379
      16.800      -35093.1794
      16.850      -34999.5745
      16.900      -34941.9659
      16.950      -34920.1721
      17.000      -34906.1192
      17.050      -34922.1023
      17.100      -34788.9654
      17.150      -34964.1248
      17.200      -34977.9639
      17.250      -34960.6260
      17.300      -34926.0285
      17.350      -35052.0011
      17.400      -34988.8454
      17.450      -35058.4629
      17.500      -35059.2887
      17.550      -35015.9937
      17.600      -35073.6433
      17.650      -35067.2614
      17.700      -35128.0023
      17.750      -35113.7600
      17.800      -35026.4016
      17.850      -34944.8628
      17.900      -34952.4716
      17.950      -34982.6640
      18.000      -35088.6652
      18.050      -35070.1833
      18.100      -35181.5689
      18.150      -35157.5068
      18.200      -35254.9402
      18.250      -35113.7852
      18.300      -35116.2126
      18.350      -35078.3792
      18.400      -35167.0849
      18.450      -35245.5809
      18.500      -35274.1257
      18.550      -35197.4763
      18.600      -35211.6021
      18.650      -35235.1387
      18.700      -35351.5905
      18.750      -35311.1271
      18.800      -35247.2382
      18.850      -35337.7095
      18.900      -35392.4192
      18.950      -35455.9629
      19.000      -35451.6073
      19.050      -35493.3803
      19.100      -35396.2074
      19.150      -35300.9206
      19.200      -35401.7289
      19.250      -35328.6162
      19.300      -35390.7493
      19.350      -35362.1016
      19.400      -35433.4592
      19.450      -35254.5883
      19.500      -35205.4416
      19.550      -35105.7681
      19.600      -35127.1806
      19.650      -35077.7107
      19.700      -35193.6534
      19.750      -35322.1642
      19.800      -35206.2886
      19.850      -35123.0186
      19.900      -35198.1806
      19.950      -35130.6536
      20.000      -35140.0661
