      10.050     296.94
      10.100     301.58
      10.150     298.71
      10.200     298.59
      10.250     297.73
      10.300     299.30
      10.350     296.37
      10.400     299.51
      10.450     298.64
      10.500     296.00
      10.550     297.53
      10.600     297.37
      10.650     296.57
      10.700     299.00
      10.750     296.34
      10.800     297.18
      10.850     298.96
      10.900     299.33
      10.950     299.89
      11.000     300.76
      11.050     302.62
      11.100     300.68
      11.150     297.05
      11.200     302.24
      11.250     299.53
      11.300     301.58
      11.350     301.50
      11.400     301.79
      11.450     298.80
      11.500     301.63
      11.550     301.80
      11.600     301.43
      11.650     300.50
      11.700     304.33
      11.750     302.20
      11.800     301.45
      11.850     302.34
      11.900     301.63
      11.950     303.04
      12.000     298.13
      12.050     303.25
      12.100     298.77
      12.150     295.02
      12.200     296.59
      12.250     298.38
      12.300     297.38
      12.350     302.09
      12.400     299.87
      12.450     301.89
      12.500     300.07
      12.550     301.62
      12.600     300.95
      12.650     299.52
      12.700     298.16
      12.750     300.36
      12.800     302.71
      12.850     303.62
      12.900     300.48
      12.950     298.79
      13.000     302.87
      13.050     300.40
      13.100     296.74
      13.150     301.27
      13.200     299.56
      13.250     299.99
      13.300     299.71
      13.350     299.16
      13.400     302.04
      13.450     301.76
      13.500     300.15
      13.550     302.32
      13.600     300.23
      13.650     302.09
      13.700     299.19
      13.750     300.93
      13.800     298.80
      13.850     294.78
      13.900     297.35
      13.950     300.62
      14.000     303.11
      14.050     297.75
      14.100     299.22
      14.150     302.39
      14.200     300.85
      14.250     300.06
      14.300     304.35
      14.350     301.95
      14.400     302.34
      14.450     300.17
      14.500     301.77
      14.550     303.76
      14.600     303.55
      14.650     302.10
      14.700     302.03
      14.750     303.26
      14.800     301.05
      14.850     303.13
      14.900     302.75
      14.950     304.69
      15.000     303.81
      15.050     300.73
      15.100     300.84
      15.150     302.34
      15.200     302.01
      15.250     300.65
      15.300     298.14
      15.350     302.03
      15.400     300.06
      15.450     298.85
      15.500     299.19
      15.550     301.72
      15.600     296.94
      15.650     298.44
      15.700     301.57
      15.750     297.58
      15.800     299.15
      15.850     304.49
      15.900     299.68
      15.950     296.53
      16.000     299.02
      16.050     301.47
      16.100     300.63
      16.150     300.05
      16.200     304.71
      16.250     303.52
      16.300     298.47
      16.350     300.86
      16.400     300.92
      16.450     301.28
      16.500     301.61
      16.550     303.07
      16.600     300.50
      16.650     299.56
      16.700     297.70
      16.750     295.92
      16.800     299.66
      16.850     304.63
      16.900     298.67
      16.950     303.02
      17.000     303.33
      17.050     300.47
      17.100     304.17
      17.150     300.14
      17.200     300.96
      17.250     302.52
      17.300     304.33
      17.350     299.26
      17.400     300.16
      17.450     298.56
      17.500     299.30
      17.550     302.33
      17.600     297.76
      17.650     301.68
      17.700     299.72
      17.750     301.20
      17.800     300.37
      17.850     304.41
      17.900     301.93
      17.950     302.79
      18.000     302.36
      18.050     302.39
      18.100     299.05
      18.150     299.35
      18.200     297.93
      18.250     302.34
      18.300     302.52
      18.350     303.40
      18.400     298.65
      18.450     302.03
      18.500     295.51
      18.550     297.66
      18.600     298.19
      18.650     300.40
      18.700     298.92
      18.750     294.59
      18.800     300.44
      18.850     298.07
      18.900     300.21
      18.950     294.43
      19.000     296.16
      19.050     295.20
      19.100     296.70
      19.150     297.14
      19.200     296.21
      19.250     298.60
      19.300     299.11
      19.350     297.38
      19.400     296.97
      19.450     296.92
      19.500     300.53
      19.550     302.47
      19.600     302.21
      19.650     303.72
      19.700     301.41
      19.750     297.71
      19.800     301.31
      19.850     301.81
      19.900     300.43
      19.950     300.17
      20.000     301.30
