      10.050      150194.2335
      10.100      150194.2335
      10.150      150194.2335
      10.200      150194.2335
      10.250      150194.2335
      10.300      150194.2335
      10.350      150194.2335
      10.400      150194.2335
      10.450      150194.2335
      10.500      149388.2746
      10.550      149388.2746
      10.600      148999.1170
      10.650      148999.1170
      10.700      148999.1170
      10.750      148999.1170
      10.800      148999.1170
      10.850      148999.1170
      10.900      148999.1170
      10.950      148999.1170
      11.000      148999.1170
      11.050      148999.1170
      11.100      148999.1170
      11.150      148999.1170
      11.200      148999.1170
      11.250      148999.1170
      11.300      148999.1170
      11.350      148999.1170
      11.400      148999.1170
      11.450      148999.1170
      11.500      148999.1170
      11.550      148999.1170
      11.600      148999.1170
      11.650      148999.1170
      11.700      148137.8074
      11.750      148137.8074
      11.800      148137.8074
      11.850      148137.8074
      11.900      148137.8074
      11.950      148137.8074
      12.000      147561.7487
      12.050      147561.7487
      12.100      147561.7487
      12.150      147561.7487
      12.200      147561.7487
      12.250      147561.7487
      12.300      147561.7487
      12.350      147561.7487
      12.400      147028.4930
      12.450      147028.4930
      12.500      147333.9203
      12.550      147333.9203
      12.600      147333.9203
      12.650      147333.9203
      12.700      147333.9203
      12.750      147333.9203
      12.800      147333.9203
      12.850      147333.9203
      12.900      147333.9203
      12.950      147333.9203
      13.000      147333.9203
      13.050      147333.9203
      13.100      147333.9203
      13.150      147333.9203
      13.200      147333.9203
      13.250      147333.9203
      13.300      147333.9203
      13.350      147333.9203
      13.400      147333.9203
      13.450      147333.9203
      13.500      147333.9203
      13.550      147333.9203
      13.600      147333.9203
      13.650      147333.9203
      13.700      147333.9203
      13.750      147333.9203
      13.800      147333.9203
      13.850      147333.9203
      13.900      147333.9203
      13.950      147333.9203
      14.000      147333.9203
      14.050      147333.9203
      14.100      147206.3481
      14.150      147206.3481
      14.200      147206.3481
      14.250      147206.3481
      14.300      147139.0210
      14.350      147139.0210
      14.400      147139.0210
      14.450      147139.0210
      14.500      147139.0210
      14.550      147139.0210
      14.600      147139.0210
      14.650      147139.0210
      14.700      147285.8886
      14.750      147285.8886
      14.800      147285.8886
      14.850      147285.8886
      14.900      147285.8886
      14.950      147285.8886
      15.000      147285.8886
      15.050      147285.8886
      15.100      147137.0273
      15.150      147137.0273
      15.200      146763.3361
      15.250      146763.3361
      15.300      146763.3361
      15.350      146763.3361
      15.400      146763.3361
      15.450      146763.3361
      15.500      146763.3361
      15.550      146763.3361
      15.600      146763.3361
      15.650      146763.3361
      15.700      146763.3361
      15.750      146763.3361
      15.800      146079.3430
      15.850      146079.3430
      15.900      146024.9916
      15.950      146024.9916
      16.000      146024.9916
      16.050      146024.9916
      16.100      146024.9916
      16.150      146024.9916
      16.200      146024.9916
      16.250      146024.9916
      16.300      146024.9916
      16.350      146024.9916
      16.400      146024.9916
      16.450      146024.9916
      16.500      146024.9916
      16.550      146024.9916
      16.600      146024.9916
      16.650      146024.9916
      16.700      145697.3174
      16.750      145697.3174
      16.800      145697.3174
      16.850      145697.3174
      16.900      145697.3174
      16.950      145697.3174
      17.000      145697.3174
      17.050      145697.3174
      17.100      145697.3174
      17.150      145697.3174
      17.200      145891.0711
      17.250      145891.0711
      17.300      145891.0711
      17.350      145891.0711
      17.400      145237.9364
      17.450      145237.9364
      17.500      145237.9364
      17.550      145237.9364
      17.600      145237.9364
      17.650      145237.9364
      17.700      145727.4203
      17.750      145727.4203
      17.800      145727.4203
      17.850      145727.4203
      17.900      145727.4203
      17.950      145727.4203
      18.000      145727.4203
      18.050      145727.4203
      18.100      145727.4203
      18.150      145727.4203
      18.200      144944.3931
      18.250      144944.3931
      18.300      144944.3931
      18.350      144944.3931
      18.400      144944.3931
      18.450      144944.3931
      18.500      144944.3931
      18.550      144944.3931
      18.600      144841.8629
      18.650      144841.8629
      18.700      144841.8629
      18.750      144841.8629
      18.800      144841.8629
      18.850      144841.8629
      18.900      144841.8629
      18.950      144841.8629
      19.000      144841.8629
      19.050      144841.8629
      19.100      144841.8629
      19.150      144841.8629
      19.200      144841.8629
      19.250      144841.8629
      19.300      144841.8629
      19.350      144841.8629
      19.400      144698.3036
      19.450      144698.3036
      19.500      144698.3036
      19.550      144698.3036
      19.600      144698.3036
      19.650      144698.3036
      19.700      144476.7182
      19.750      144476.7182
      19.800      144476.7182
      19.850      144476.7182
      19.900      144476.7182
      19.950      144476.7182
      20.000      144476.7182
