      20.100      -44223.4714
      20.200      -44120.3522
      20.300      -44286.5343
      20.400      -44214.7336
      20.500      -44429.6097
      20.600      -44235.2091
      20.700      -44196.3322
      20.800      -44212.2161
      20.900      -44216.3198
      21.000      -44177.6035
      21.100      -44123.3475
      21.200      -44220.9852
      21.300      -44234.5904
      21.400      -44249.6756
      21.500      -44279.9140
      21.600      -44094.9738
      21.700      -44200.3930
      21.800      -44278.7303
      21.900      -44140.4164
      22.000      -44219.2052
      22.100      -44309.8828
      22.200      -44169.2652
      22.300      -44151.7714
      22.400      -44049.6441
      22.500      -44110.5054
      22.600      -44114.0831
      22.700      -44124.5872
      22.800      -44137.6418
      22.900      -44263.7063
      23.000      -44167.1657
      23.100      -44225.5099
      23.200      -44317.0448
      23.300      -44319.2681
      23.400      -44198.7440
      23.500      -44209.7542
      23.600      -44363.7530
      23.700      -44414.1636
      23.800      -44340.8302
      23.900      -44302.2896
      24.000      -44313.0228
      24.100      -44228.1819
      24.200      -44212.0302
      24.300      -44297.5811
      24.400      -44254.9970
      24.500      -44306.1237
      24.600      -44258.1666
      24.700      -44212.9905
      24.800      -44211.8664
      24.900      -44145.7467
      25.000      -44117.4899
      25.100      -44234.8510
      25.200      -44197.3084
      25.300      -44124.1436
      25.400      -44150.3068
      25.500      -44183.1557
      25.600      -44030.0224
      25.700      -44151.5097
      25.800      -44108.3206
      25.900      -43991.2137
      26.000      -44080.4614
      26.100      -44012.4038
      26.200      -44063.0945
      26.300      -44252.1068
      26.400      -44294.5592
      26.500      -44204.8092
      26.600      -44203.5223
      26.700      -44208.3371
      26.800      -44163.9375
      26.900      -44213.8559
      27.000      -43970.7093
      27.100      -44044.7607
      27.200      -44132.9607
      27.300      -44076.8066
      27.400      -44225.1543
      27.500      -44152.4964
      27.600      -44284.7578
      27.700      -44111.7320
      27.800      -44111.0891
      27.900      -44178.9508
      28.000      -44198.1385
      28.100      -44138.6233
      28.200      -44275.6537
      28.300      -44141.3369
      28.400      -44112.9195
      28.500      -44090.2637
      28.600      -44274.2342
      28.700      -44240.0272
      28.800      -44147.6897
      28.900      -44282.2840
      29.000      -44082.4072
      29.100      -44083.0241
      29.200      -44148.5861
      29.300      -44060.6798
      29.400      -44035.4496
      29.500      -44058.3762
      29.600      -44177.2014
      29.700      -44179.3764
      29.800      -44163.5779
      29.900      -44121.6748
      30.000      -44157.1925
