      20.100     297.39
      20.200     300.67
      20.300     303.27
      20.400     296.07
      20.500     299.81
      20.600     295.88
      20.700     296.30
      20.800     302.15
      20.900     300.04
      21.000     304.76
      21.100     299.12
      21.200     297.71
      21.300     300.19
      21.400     300.86
      21.500     300.55
      21.600     296.53
      21.700     301.52
      21.800     304.26
      21.900     302.37
      22.000     301.10
      22.100     304.84
      22.200     301.57
      22.300     299.62
      22.400     298.09
      22.500     303.62
      22.600     303.51
      22.700     302.68
      22.800     299.65
      22.900     298.86
      23.000     301.92
      23.100     301.83
      23.200     302.71
      23.300     304.08
      23.400     299.30
      23.500     300.86
      23.600     300.78
      23.700     296.80
      23.800     300.93
      23.900     297.27
      24.000     299.80
      24.100     302.28
      24.200     300.82
      24.300     298.00
      24.400     297.12
      24.500     299.76
      24.600     301.79
      24.700     300.89
      24.800     301.75
      24.900     299.51
      25.000     298.98
      25.100     301.21
      25.200     303.67
      25.300     302.86
      25.400     299.13
      25.500     301.31
      25.600     298.42
      25.700     307.62
      25.800     302.91
      25.900     299.12
      26.000     299.77
      26.100     297.76
      26.200     300.09
      26.300     301.75
      26.400     303.34
      26.500     298.80
      26.600     300.12
      26.700     299.69
      26.800     297.81
      26.900     301.07
      27.000     298.98
      27.100     299.94
      27.200     300.20
      27.300     297.67
      27.400     298.83
      27.500     297.58
      27.600     299.58
      27.700     298.72
      27.800     300.88
      27.900     298.96
      28.000     301.33
      28.100     298.63
      28.200     302.67
      28.300     296.38
      28.400     296.80
      28.500     297.94
      28.600     300.97
      28.700     302.83
      28.800     302.39
      28.900     301.20
      29.000     300.82
      29.100     300.30
      29.200     300.78
      29.300     300.71
      29.400     296.69
      29.500     303.30
      29.600     301.12
      29.700     299.09
      29.800     297.97
      29.900     299.91
      30.000     303.74
