      20.100      144476.7185
      20.200      144476.7185
      20.300      144476.7185
      20.400      144476.7185
      20.500      144476.7185
      20.600      144527.1138
      20.700      144527.1138
      20.800      144527.1138
      20.900      144527.1138
      21.000      144527.1138
      21.100      144527.1138
      21.200      144527.1138
      21.300      144527.1138
      21.400      144527.1138
      21.500      144527.1138
      21.600      144527.1138
      21.700      144527.1138
      21.800      144527.1138
      21.900      144527.1138
      22.000      144527.1138
      22.100      144527.1138
      22.200      144527.1138
      22.300      144527.1138
      22.400      144527.1138
      22.500      144527.1138
      22.600      144527.1138
      22.700      144527.1138
      22.800      144527.1138
      22.900      144527.1138
      23.000      144527.1138
      23.100      144527.1138
      23.200      144527.1138
      23.300      144527.1138
      23.400      144527.1138
      23.500      144527.1138
      23.600      144527.1138
      23.700      144527.1138
      23.800      144527.1138
      23.900      144527.1138
      24.000      144527.1138
      24.100      144527.1138
      24.200      144527.1138
      24.300      144527.1138
      24.400      144527.1138
      24.500      144527.1138
      24.600      144572.5955
      24.700      144572.5955
      24.800      144814.0191
      24.900      144814.0191
      25.000      145106.2349
      25.100      145106.2349
      25.200      145106.2349
      25.300      145106.2349
      25.400      144996.0770
      25.500      144996.0770
      25.600      144996.0770
      25.700      144996.0770
      25.800      144996.0770
      25.900      144996.0770
      26.000      144996.0770
      26.100      144996.0770
      26.200      144996.0770
      26.300      144996.0770
      26.400      144996.0770
      26.500      144996.0770
      26.600      144996.0770
      26.700      144996.0770
      26.800      144996.0770
      26.900      144996.0770
      27.000      144996.0770
      27.100      144996.0770
      27.200      144996.0770
      27.300      144996.0770
      27.400      144996.0770
      27.500      144996.0770
      27.600      144996.0770
      27.700      144996.0770
      27.800      145157.6133
      27.900      145157.6133
      28.000      145157.6133
      28.100      145157.6133
      28.200      145157.6133
      28.300      145157.6133
      28.400      145157.6133
      28.500      145157.6133
      28.600      145157.6133
      28.700      145157.6133
      28.800      145323.7554
      28.900      145323.7554
      29.000      145323.7554
      29.100      145323.7554
      29.200      145661.8750
      29.300      145661.8750
      29.400      145661.8750
      29.500      145661.8750
      29.600      145661.8750
      29.700      145661.8750
      29.800      146088.9659
      29.900      146088.9659
      30.000      146088.9659
