#Atom            RMSF
  36.000       1.7178
  55.000       2.0515
  74.000       1.7556
  93.000       1.2389
 112.000       1.3250
 134.000       1.2763
 148.000       1.2060
 172.000       1.1182
 191.000       1.1625
 209.000       1.1817
 223.000       1.2744
 242.000       1.4075
 259.000       1.4703
 270.000       1.2569
 286.000       0.8870
 296.000       1.0024
 318.000       1.2396
 332.000       1.2061
 351.000       0.9475
 365.000       1.2052
 372.000       0.9217
 391.000       1.0536
 407.000       1.2582
 424.000       1.2923
 441.000       0.9599
 463.000       0.8816
 473.000       1.1143
 487.000       1.0171
 503.000       0.7903
 519.000       0.9261
 538.000       1.0124
 557.000       1.0388
 564.000       1.0253
 578.000       0.9891
 597.000       1.1221
 613.000       1.2457
 629.000       1.2391
 648.000       0.9044
 664.000       0.8021
 686.000       0.7176
 708.000       0.5901
 724.000       0.5837
 741.000       0.6770
 760.000       0.6012
 781.000       0.6245
 792.000       0.7073
 811.000       0.7613
 821.000       0.8088
 840.000       0.8176
 859.000       0.9652
 881.000       1.0601
 895.000       1.0221
 915.000       1.0374
 929.000       0.8810
 948.000       0.8351
 967.000       1.1753
 983.000       1.7457
1005.000       1.8266
1019.000       1.5569
1033.000       1.3534
1049.000       1.0649
1069.000       0.8169
1099.000       1.1908
1105.000       1.3586
1122.000       1.4310
1129.000       1.3468
1148.000       1.2144
1170.000       1.6689
1180.000       1.4846
1196.000       1.1080
1213.000       1.1206
1232.000       1.3241
1251.000       1.1399
1270.000       1.0179
1289.000       1.1902
1305.000       1.2038
1324.000       1.2286
1338.000       0.9528
1349.000       0.7454
1365.000       0.8988
1387.000       0.8842
1404.000       0.7409
1423.000       0.8820
1439.000       1.0494
1450.000       0.9185
1466.000       0.7947
1476.000       1.1271
1487.000       1.5495
1501.000       1.1843
1520.000       1.6455
1531.000       1.2126
1550.000       1.5295
1569.000       1.1865
1591.000       1.0951
1597.000       0.8745
1615.000       0.7255
1634.000       0.7212
1656.000       0.6704
1666.000       0.5520
1677.000       0.5577
1699.000       0.5844
1718.000       0.5956
1734.000       0.6243
1751.000       0.6974
1761.000       0.7876
1777.000       0.8275
1788.000       0.9194
1810.000       0.9665
1831.000       0.9384
1853.000       0.8216
1867.000       0.9961
1884.000       0.9483
1906.000       1.1037
