#Atom            RMSF
  36.000       1.3910
  55.000       1.5627
  74.000       1.6726
  93.000       1.3326
 112.000       1.0857
 134.000       1.3141
 148.000       1.3460
 172.000       1.0447
 191.000       1.0468
 209.000       1.2102
 223.000       1.2274
 242.000       1.3277
 259.000       1.3895
 270.000       1.2435
 286.000       1.0178
 296.000       1.2058
 318.000       1.4354
 332.000       1.2807
 351.000       0.9476
 365.000       1.1784
 372.000       0.9657
 391.000       1.0949
 407.000       1.1273
 424.000       1.1103
 441.000       0.8932
 463.000       0.8073
 473.000       0.9016
 487.000       0.8358
 503.000       0.6939
 519.000       0.7040
 538.000       0.8422
 557.000       1.1602
 564.000       0.8329
 578.000       0.9345
 597.000       1.0595
 613.000       0.9919
 629.000       1.0750
 648.000       0.8221
 664.000       0.7765
 686.000       0.7029
 708.000       0.5616
 724.000       0.5847
 741.000       0.7060
 760.000       0.6341
 781.000       0.6508
 792.000       0.8745
 811.000       0.9565
 821.000       1.0178
 840.000       1.1393
 859.000       1.2938
 881.000       1.4444
 895.000       1.1752
 915.000       1.1601
 929.000       1.0910
 948.000       1.1152
 967.000       1.5463
 983.000       2.2860
1005.000       2.1988
1019.000       1.9828
1033.000       1.6957
1049.000       1.4078
1069.000       1.2225
1099.000       1.6303
1105.000       1.6825
1122.000       1.4631
1129.000       1.2218
1148.000       0.9628
1170.000       1.3168
1180.000       1.2781
1196.000       0.8766
1213.000       0.9856
1232.000       1.2064
1251.000       0.9832
1270.000       0.9123
1289.000       1.0915
1305.000       1.1088
1324.000       1.1670
1338.000       0.9275
1349.000       0.7513
1365.000       0.9135
1387.000       0.9333
1404.000       0.8099
1423.000       0.9362
1439.000       1.1018
1450.000       0.9139
1466.000       0.8094
1476.000       1.2179
1487.000       1.6817
1501.000       1.2106
1520.000       1.6873
1531.000       1.3886
1550.000       1.7886
1569.000       1.4594
1591.000       1.3357
1597.000       1.0305
1615.000       0.8516
1634.000       0.8835
1656.000       0.8271
1666.000       0.6079
1677.000       0.6069
1699.000       0.6362
1718.000       0.5831
1734.000       0.5786
1751.000       0.6584
1761.000       0.6750
1777.000       0.6541
1788.000       0.7892
1810.000       0.7589
1831.000       0.6946
1853.000       0.6313
1867.000       0.6695
1884.000       0.7326
1906.000       0.9549
