#Atom            RMSF
  36.000       1.6027
  55.000       1.6885
  74.000       1.6236
  93.000       1.2638
 112.000       1.1678
 134.000       1.3430
 148.000       1.3162
 172.000       0.9929
 191.000       1.1903
 209.000       1.2950
 223.000       1.1677
 242.000       1.3044
 259.000       1.4326
 270.000       1.2967
 286.000       1.0426
 296.000       1.2241
 318.000       1.6164
 332.000       1.4978
 351.000       0.9448
 365.000       1.2660
 372.000       0.9889
 391.000       1.1400
 407.000       1.2090
 424.000       1.1316
 441.000       0.8666
 463.000       0.7957
 473.000       0.8426
 487.000       0.8765
 503.000       0.7295
 519.000       0.6667
 538.000       0.8260
 557.000       1.4854
 564.000       0.9499
 578.000       0.9011
 597.000       0.9626
 613.000       0.9777
 629.000       1.0513
 648.000       0.7461
 664.000       0.6931
 686.000       0.6560
 708.000       0.5257
 724.000       0.5363
 741.000       0.6718
 760.000       0.6225
 781.000       0.6205
 792.000       0.8202
 811.000       0.9354
 821.000       0.8512
 840.000       0.8786
 859.000       1.1201
 881.000       1.2741
 895.000       1.0405
 915.000       1.1051
 929.000       1.0001
 948.000       1.0211
 967.000       1.4268
 983.000       2.1898
1005.000       2.3625
1019.000       2.0360
1033.000       1.7229
1049.000       1.3502
1069.000       1.0289
1099.000       1.4954
1105.000       1.5667
1122.000       1.5991
1129.000       1.3763
1148.000       1.0917
1170.000       1.5144
1180.000       1.4330
1196.000       0.9487
1213.000       1.1173
1232.000       1.3111
1251.000       1.0438
1270.000       0.9421
1289.000       1.1472
1305.000       1.2219
1324.000       1.2480
1338.000       0.9528
1349.000       0.7828
1365.000       0.9748
1387.000       0.9379
1404.000       0.7881
1423.000       0.9503
1439.000       1.1180
1450.000       0.8693
1466.000       0.8023
1476.000       1.1796
1487.000       1.4982
1501.000       1.2401
1520.000       1.7547
1531.000       1.3198
1550.000       1.6274
1569.000       1.2576
1591.000       1.1466
1597.000       0.8934
1615.000       0.7851
1634.000       0.8032
1656.000       0.7226
1666.000       0.5497
1677.000       0.5606
1699.000       0.5771
1718.000       0.5410
1734.000       0.5633
1751.000       0.6440
1761.000       0.6566
1777.000       0.6900
1788.000       0.8407
1810.000       0.7740
1831.000       0.7265
1853.000       0.6803
1867.000       0.7011
1884.000       0.7682
1906.000       1.0435
