#Atom            RMSF
   5.000       3.4367
  22.000       2.5489
  36.000       1.9421
  55.000       1.9202
  74.000       1.9533
  93.000       1.7994
 112.000       1.6341
 134.000       1.6481
 148.000       1.8037
 172.000       1.7611
 191.000       1.4092
 209.000       1.4843
 223.000       1.7092
 242.000       1.5476
 259.000       1.2806
 270.000       1.2649
 286.000       1.0222
 296.000       1.0664
 318.000       1.3407
 332.000       1.3047
 351.000       1.1200
 365.000       1.3146
 372.000       1.1623
 391.000       1.3848
 407.000       1.4735
 424.000       1.5335
 441.000       1.1678
 463.000       0.9890
 473.000       1.2095
 487.000       1.0783
 503.000       1.0763
 519.000       1.3822
 538.000       1.2918
 557.000       1.4797
 564.000       1.3804
 578.000       1.5067
 597.000       1.3655
 613.000       1.6963
 629.000       1.7129
 648.000       1.2067
 664.000       1.0714
 686.000       1.0401
 708.000       0.7748
 724.000       0.7040
 741.000       0.7517
 760.000       0.7083
 781.000       0.7266
 792.000       0.8035
 811.000       0.8883
 821.000       0.9605
 840.000       0.9509
 859.000       1.2759
 881.000       1.6269
 895.000       1.4531
 915.000       1.3628
 929.000       1.2912
 948.000       1.5167
 967.000       1.9579
 983.000       2.9385
1005.000       3.2925
1019.000       2.9221
1033.000       2.6187
1049.000       2.0278
1069.000       1.5041
1099.000       2.1505
1105.000       2.1248
1122.000       1.8045
1129.000       1.8246
1148.000       2.2417
1170.000       2.3744
1180.000       1.8416
1196.000       1.6594
1213.000       1.5067
1232.000       1.7286
1251.000       2.0302
1270.000       1.8990
1289.000       1.9082
1305.000       1.6391
1324.000       1.8996
1338.000       1.7170
1349.000       1.1586
1365.000       1.2382
1387.000       1.4169
1404.000       1.2432
1423.000       1.0954
1439.000       1.1910
1450.000       1.0490
1466.000       0.9522
1476.000       1.3039
1487.000       1.6096
1501.000       1.2614
1520.000       1.7274
1531.000       1.3444
1550.000       1.7279
1569.000       1.3220
1591.000       1.1724
1597.000       0.9142
1615.000       0.7860
1634.000       0.7919
1656.000       0.7553
1666.000       0.6746
1677.000       0.7193
1699.000       0.7748
1718.000       0.7448
1734.000       0.7956
1751.000       0.9547
1761.000       1.0806
1777.000       1.1064
1788.000       1.4009
1810.000       1.6621
1831.000       1.5439
1853.000       1.2513
1867.000       1.4998
1884.000       1.5134
1906.000       1.5530
1917.000       1.9082
1933.000       2.2329
1949.000       3.3132
1969.000       5.3584
