#Atom            RMSF
   5.000       3.8010
  22.000       2.2903
  36.000       1.6369
  55.000       1.6719
  74.000       1.5754
  93.000       1.1964
 112.000       1.2168
 134.000       1.4400
 148.000       1.3281
 172.000       1.0575
 191.000       1.4091
 209.000       1.4763
 223.000       1.1566
 242.000       1.2946
 259.000       1.4120
 270.000       1.2583
 286.000       1.0271
 296.000       1.2057
 318.000       1.5725
 332.000       1.4655
 351.000       0.9459
 365.000       1.2058
 372.000       0.9592
 391.000       1.0853
 407.000       1.1268
 424.000       1.0801
 441.000       0.8712
 463.000       0.7817
 473.000       0.8377
 487.000       0.8707
 503.000       0.7134
 519.000       0.6462
 538.000       0.7816
 557.000       1.0906
 564.000       0.8288
 578.000       0.8061
 597.000       0.8348
 613.000       0.9106
 629.000       0.9287
 648.000       0.6924
 664.000       0.6824
 686.000       0.6588
 708.000       0.5224
 724.000       0.5232
 741.000       0.6647
 760.000       0.6245
 781.000       0.6067
 792.000       0.7792
 811.000       0.8942
 821.000       0.8127
 840.000       0.8364
 859.000       1.0773
 881.000       1.3081
 895.000       1.0419
 915.000       1.0509
 929.000       0.9381
 948.000       0.9972
 967.000       1.3839
 983.000       2.1244
1005.000       2.3190
1019.000       1.9692
1033.000       1.6505
1049.000       1.2884
1069.000       1.0064
1099.000       1.3804
1105.000       1.4082
1122.000       1.5944
1129.000       1.4504
1148.000       1.1005
1170.000       1.5456
1180.000       1.4590
1196.000       0.9618
1213.000       1.1492
1232.000       1.3824
1251.000       1.1252
1270.000       0.9917
1289.000       1.1855
1305.000       1.2290
1324.000       1.2510
1338.000       0.9511
1349.000       0.7572
1365.000       0.9573
1387.000       0.9147
1404.000       0.7432
1423.000       0.9179
1439.000       1.0992
1450.000       0.8548
1466.000       0.7977
1476.000       1.1722
1487.000       1.4849
1501.000       1.2823
1520.000       1.7470
1531.000       1.3113
1550.000       1.5987
1569.000       1.2553
1591.000       1.1422
1597.000       0.9016
1615.000       0.7902
1634.000       0.7954
1656.000       0.6911
1666.000       0.5205
1677.000       0.5642
1699.000       0.5640
1718.000       0.5087
1734.000       0.5528
1751.000       0.6425
1761.000       0.6216
1777.000       0.6416
1788.000       0.7978
1810.000       0.7561
1831.000       0.7295
1853.000       0.6693
1867.000       0.7025
1884.000       0.7336
1906.000       1.0246
1917.000       1.1929
1933.000       1.8101
1949.000       3.2548
1969.000       5.3078
