Run semi-empirical minimization
 &qmmm
    qm_theory='AM1', grms_tol=0.0005,
 scfconv=1.d-10, ndiis_attempts=700,   qmcharge=0,
 /
   6    C1       31.1070       34.3150       33.3950 
   8    O1       31.3580       31.8300       36.0520 
   6    C2       31.2670       33.4950       32.2730 
   8    O2       30.9730       34.4900       35.8170 
   6    C3       31.1510       33.7470       34.6660 
   6    C4       31.4930       32.1300       32.4280 
   6    C5       31.3280       32.3790       34.8070 
   6    C6       31.5190       31.5620       33.6970 
   6    C7       31.2020       34.0740       30.8950 
   6    C8       32.0880       35.2230       30.5850 
   6    C9       33.2650       35.3590       31.2550 
   6   C10       30.8200       35.8590       35.7450 
   1    H1       30.9510       35.3770       33.2770 
   1    H4       31.6490       31.5090       31.5580 
   1    H6       31.6850       30.5020       33.8190 
   1   H72       31.4480       33.2760       30.1950 
   1   H73       30.1730       34.3810       30.7070 
   1    H8       31.8020       35.9450       29.8350 
   1   H91       33.5470       34.6340       32.0050 
   1   H92       33.9170       36.1920       31.0370 
   1  H101       30.7260       36.2680       36.7510 
   1  H102       31.6900       36.2960       35.2550 
   1  H103       29.9230       36.0950       35.1720 
   1   HO1       30.6700       31.1650       36.1250 

